(3819053, (1974, 1))
(4855813, (1989, 1))
(4269605, (1981, 1))
(4669453, (1987, 1))
(4144813, (1979, 1))
(3236565, (1966, 1))
(3354645, (1967, 1))
(5422917, (1995, 1))
(5074301, (1991, 1))
(4094589, (1978, 1))
(4757533, (1988, 1))
(4452357, (1984, 1))
(3109517, (1963, 1))
(5034005, (1991, 1))
(4602725, (1986, 1))
(4000493, (1976, 1))
(5605413, (1997, 1))
(5015517, (1991, 1))
(3833901, (1974, 1))
(3817821, (1974, 1))
(5108877, (1992, 1))
(3661877, (1972, 1))
(3624773, (1971, 1))
(3692349, (1972, 1))
(3563581, (1971, 1))
(5066357, (1991, 1))
(5539909, (1996, 1))
(3279725, (1966, 1))
(4064189, (1977, 1))
(4789245, (1988, 1))
(5625869, (1997, 1))
(3113037, (1963, 1))
(4909133, (1990, 1))
(3786765, (1974, 1))
(3949757, (1976, 1))
(4744509, (1988, 1))
(3795037, (1974, 1))
(4633957, (1987, 1))
(4585341, (1986, 1))
(4221381, (1980, 1))
(4462589, (1984, 1))
(4804717, (1989, 1))
(5022397, (1991, 1))
(5018861, (1991, 1))
(4053109, (1977, 1))
(3573885, (1971, 1))
(4182101, (1980, 1))
(5527669, (1996, 1))
(4699365, (1987, 1))
(5511301, (1996, 1))
(5680973, (1997, 1))
(3530893, (1970, 1))
(4394349, (1983, 1))
(4873469, (1989, 1))
(3633301, (1972, 1))
(3941357, (1976, 1))
(3862469, (1975, 1))
(4700317, (1987, 1))
(4961989, (1990, 1))
(4373693, (1983, 1))
(5001541, (1991, 1))
(5168573, (1992, 1))
(3315677, (1967, 1))
(3753493, (1973, 1))
(3203245, (1965, 1))
(4131429, (1978, 1))
(5513245, (1996, 1))
(5138069, (1992, 1))
(4361389, (1982, 1))
(5054069, (1991, 1))
(4000317, (1976, 1))
(3866805, (1975, 1))
(3376229, (1968, 1))
(3751541, (1973, 1))
(5269005, (1993, 1))
(4047037, (1977, 1))
(4444533, (1984, 1))
(4504805, (1985, 1))
(4851989, (1989, 1))
(4434117, (1984, 1))
(5367917, (1994, 1))
(4250157, (1981, 1))
(4475085, (1984, 1))
(4713165, (1987, 1))
(5617349, (1997, 1))
(3786501, (1974, 1))
(4481237, (1984, 1))
(4459933, (1984, 1))
(3184861, (1965, 1))
(3207205, (1965, 1))
(3372213, (1968, 1))
(3867173, (1975, 1))
(5452005, (1995, 1))
(4235229, (1980, 1))
(3337229, (1967, 1))
(4595949, (1986, 1))
(5050749, (1991, 1))
(4357845, (1982, 1))
(5011701, (1991, 1))
(4605941, (1986, 1))
(3748381, (1973, 1))
(5140541, (1992, 1))
(4494037, (1985, 1))
(4880565, (1989, 1))
(5389509, (1995, 1))
(5555045, (1996, 1))
(4571397, (1986, 1))
(3506789, (1970, 1))
(5036301, (1991, 1))
(3097645, (1963, 1))
(4626605, (1986, 1))
(4661453, (1987, 1))
(4257053, (1981, 1))
(5058837, (1991, 1))
(3240461, (1966, 1))
(4374813, (1983, 1))
(5114477, (1992, 1))
(4671877, (1987, 1))
(3912461, (1975, 1))
(4299045, (1981, 1))
(3785549, (1974, 1))
(3429909, (1969, 1))
(5216557, (1993, 1))
(4737757, (1988, 1))
(3584645, (1971, 1))
(4423989, (1984, 1))
(3394925, (1968, 1))
(4977173, (1990, 1))
(4784445, (1988, 1))
(3447861, (1969, 1))
(3699949, (1972, 1))
(4565317, (1986, 1))
(3856269, (1974, 1))
(4425157, (1984, 1))
(3801421, (1974, 1))
(3122757, (1964, 1))
(3976589, (1976, 1))
(4677677, (1987, 1))
(4208909, (1980, 1))
(5073237, (1991, 1))
(3812973, (1974, 1))
(4030373, (1977, 1))
(4906005, (1990, 1))
(4536669, (1985, 1))
(3770085, (1973, 1))
(4903141, (1990, 1))
(4402517, (1983, 1))
(5286253, (1994, 1))
(3732541, (1973, 1))
(4559221, (1985, 1))
(4208501, (1980, 1))
(3792917, (1974, 1))
(3783037, (1974, 1))
(4140101, (1979, 1))
(5011861, (1991, 1))
(4957997, (1990, 1))
(3264901, (1966, 1))
(4338005, (1982, 1))
(3974045, (1976, 1))
(4682125, (1987, 1))
(4334317, (1982, 1))
(5538453, (1996, 1))
(4252053, (1981, 1))
(4003165, (1977, 1))
(3738013, (1973, 1))
(4304965, (1981, 1))
(4669573, (1987, 1))
(4990229, (1991, 1))
(4338085, (1982, 1))
(4356525, (1982, 1))
(4643229, (1987, 1))
(5130917, (1992, 1))
(4483029, (1984, 1))
(4535021, (1985, 1))
(3769869, (1973, 1))
(5032381, (1991, 1))
(5781237, (1998, 1))
(4412613, (1983, 1))
(3686125, (1972, 1))
(3088837, (1963, 1))
(4964725, (1990, 1))
(4292589, (1981, 1))
(4209101, (1980, 1))
(5187661, (1993, 1))
(3361037, (1968, 1))
(3221973, (1965, 1))
(4045653, (1977, 1))
(3246605, (1966, 1))
(4080093, (1978, 1))
(5014645, (1991, 1))
(4508429, (1985, 1))
(5306853, (1994, 1))
(4127693, (1978, 1))
(3638253, (1972, 1))
(5273133, (1993, 1))
(3201517, (1965, 1))
(3157133, (1964, 1))
(4786405, (1988, 1))
(3359789, (1967, 1))
(3215645, (1965, 1))
(3310069, (1967, 1))
(4708861, (1987, 1))
(3621973, (1971, 1))
(4576421, (1986, 1))
(4937853, (1990, 1))
(3981829, (1976, 1))
(4236773, (1980, 1))
(3675557, (1972, 1))
(4059661, (1977, 1))
(3197357, (1965, 1))
(4396317, (1983, 1))
(4291093, (1981, 1))
(5570373, (1996, 1))
(3932701, (1976, 1))
(4089437, (1978, 1))
(3940101, (1976, 1))
(3361517, (1968, 1))
(5478173, (1995, 1))
(4760101, (1988, 1))
(3697517, (1972, 1))
(4307757, (1981, 1))
(3252677, (1966, 1))
(3318845, (1967, 1))
(3254837, (1966, 1))
(4913709, (1990, 1))
(3645533, (1972, 1))
(3504693, (1970, 1))
(3885533, (1975, 1))
(4403773, (1983, 1))
(4539461, (1985, 1))
(3182709, (1965, 1))
(5838557, (1998, 1))
(3142781, (1964, 1))
(3848773, (1974, 1))
(4344149, (1982, 1))
(4066469, (1978, 1))
(5089869, (1992, 1))
(3729165, (1973, 1))
(3381909, (1968, 1))
(5629637, (1997, 1))
(4799061, (1989, 1))
(4173093, (1979, 1))
(5318597, (1994, 1))
(4112989, (1978, 1))
(5031013, (1991, 1))
(3557989, (1971, 1))
(4027245, (1977, 1))
(4610045, (1986, 1))
(5452397, (1995, 1))
(5098053, (1992, 1))
(5554621, (1996, 1))
(3658853, (1972, 1))
(4117741, (1978, 1))
(4881013, (1989, 1))
(4024245, (1977, 1))
(3756669, (1973, 1))
(3494189, (1970, 1))
(4330261, (1982, 1))
(3557037, (1971, 1))
(5062933, (1991, 1))
(3539589, (1970, 1))
(4428845, (1984, 1))
(3897997, (1975, 1))
(3897997, (1975, 1))
(3732013, (1973, 1))
(5703789, (1997, 1))
(3652061, (1972, 1))
(4940437, (1990, 1))
(4217717, (1980, 1))
(4341765, (1982, 1))
(3631773, (1972, 1))
(4139461, (1979, 1))
(4040477, (1977, 1))
(5386917, (1995, 1))
(3134125, (1964, 1))
(4143901, (1979, 1))
(5227189, (1993, 1))
(3577293, (1971, 1))
(3689149, (1972, 1))
(4784245, (1988, 1))
(5056661, (1991, 1))
(5197637, (1993, 1))
(4808429, (1989, 1))
(4288301, (1981, 1))
(4165549, (1979, 1))
(4537829, (1985, 1))
(4551373, (1985, 1))
(3771853, (1973, 1))
(3607709, (1971, 1))
(5200077, (1993, 1))
(3550493, (1970, 1))
(5042901, (1991, 1))
(3529317, (1970, 1))
(4412165, (1983, 1))
(3982045, (1976, 1))
(4624165, (1986, 1))
(4306101, (1981, 1))
(4453093, (1984, 1))
(3693797, (1972, 1))
(5305069, (1994, 1))
(4262013, (1981, 1))
(4170877, (1979, 1))
(4931717, (1990, 1))
(3611461, (1971, 1))
(4696533, (1987, 1))
(4195077, (1980, 1))
(5177165, (1993, 1))
(5165981, (1992, 1))
(5553605, (1996, 1))
(4846621, (1989, 1))
(3996429, (1976, 1))
(3199789, (1965, 1))
(5504709, (1996, 1))
(5231381, (1993, 1))
(4803349, (1989, 1))
(3167645, (1965, 1))
(4422581, (1983, 1))
(4212581, (1980, 1))
(4561693, (1985, 1))
(4789053, (1988, 1))
(5465221, (1995, 1))
(3696317, (1972, 1))
(3999973, (1976, 1))
(3371813, (1968, 1))
(4784973, (1988, 1))
(4465613, (1984, 1))
(4145965, (1979, 1))
(4021725, (1977, 1))
(3966701, (1976, 1))
(3165941, (1965, 1))
(3130165, (1964, 1))
(4967397, (1990, 1))
(4266813, (1981, 1))
(3786317, (1974, 1))
(5233461, (1993, 1))
(4945029, (1990, 1))
(4712141, (1987, 1))
(4920133, (1990, 1))
(3915773, (1975, 1))
(4300717, (1981, 1))
(4769221, (1988, 1))
(5128829, (1992, 1))
(5311309, (1994, 1))
(3893389, (1975, 1))
(5456957, (1995, 1))
(3883861, (1975, 1))
(3190629, (1965, 1))
(4349341, (1982, 1))
(5423405, (1995, 1))
(3516221, (1970, 1))
(5399389, (1995, 1))
(4941893, (1990, 1))
(5132773, (1992, 1))
(4356229, (1982, 1))
(3205989, (1965, 1))
(4584821, (1986, 1))
(3601261, (1971, 1))
(3541205, (1970, 1))
(3622717, (1971, 1))
(3943285, (1976, 1))
(5013293, (1991, 1))
(3812221, (1974, 1))
(5206165, (1993, 1))
(5057213, (1991, 1))
(4456493, (1984, 1))
(4461797, (1984, 1))
(3892437, (1975, 1))
(4721541, (1988, 1))
(5139045, (1992, 1))
(5200765, (1993, 1))
(3687845, (1972, 1))
(4835821, (1989, 1))
(4052205, (1977, 1))
(4402069, (1983, 1))
(3408789, (1968, 1))
(4361141, (1982, 1))
(4858901, (1989, 1))
(4240285, (1980, 1))
(4462405, (1984, 1))
(4154645, (1979, 1))
(3709861, (1973, 2))
(4284285, (1981, 1))
(5522445, (1996, 1))
(4826029, (1989, 1))
(3322421, (1967, 1))
(3692701, (1972, 1))
(4682957, (1987, 1))
(4284149, (1981, 1))
(3668917, (1972, 1))
(5175125, (1992, 1))
(3268989, (1966, 1))
(4821949, (1989, 1))
(4667477, (1987, 1))
(4707829, (1987, 1))
(4120373, (1978, 1))
(4267237, (1981, 1))
(5673925, (1997, 1))
(4027325, (1977, 1))
(4064205, (1977, 1))
(3784525, (1974, 1))
(3762317, (1973, 1))
(5328189, (1994, 1))
(4052285, (1977, 1))
(3986997, (1976, 2))
(3788549, (1974, 1))
(4625333, (1986, 1))
(5003205, (1991, 1))
(4758493, (1988, 1))
(4103333, (1978, 1))
(5422813, (1995, 1))
(3135021, (1964, 1))
(4623333, (1986, 1))
(5007229, (1991, 1))
(4612581, (1986, 1))
(4035565, (1977, 1))
(3365965, (1968, 1))
(3977725, (1976, 1))
(4316885, (1982, 1))
(5036349, (1991, 1))
(4385149, (1983, 1))
(4432893, (1984, 1))
(3555413, (1971, 1))
(4825941, (1989, 1))
(4465893, (1984, 1))
(3742725, (1973, 1))
(5361029, (1994, 1))
(3298725, (1967, 1))
(4041741, (1977, 1))
(3679325, (1972, 1))
(3734701, (1973, 1))
(3706797, (1972, 1))
(3990229, (1976, 1))
(5512213, (1996, 1))
(3649581, (1972, 1))
(3573213, (1971, 1))
(4706829, (1987, 1))
(4760605, (1988, 1))
(4475397, (1984, 1))
(3917533, (1975, 1))
(3574509, (1971, 1))
(5305381, (1994, 1))
(4465485, (1984, 1))
(3527045, (1970, 1))
(3693613, (1972, 1))
(3840861, (1974, 1))
(4097229, (1978, 1))
(5356597, (1994, 1))
(3097413, (1963, 1))
(4130165, (1978, 1))
(5680189, (1997, 1))
(3861685, (1975, 1))
(3511365, (1970, 1))
(3740749, (1973, 1))
(5336589, (1994, 1))
(3290157, (1966, 1))
(3609685, (1971, 1))
(4374101, (1983, 1))
(4462077, (1984, 1))
(4717661, (1988, 1))
(4595557, (1986, 1))
(4723813, (1988, 1))
(3360557, (1967, 1))
(3844661, (1974, 1))
(4729965, (1988, 1))
(5295701, (1994, 1))
(3659965, (1972, 1))
(3690717, (1972, 1))
(3413229, (1968, 1))
(4836469, (1989, 1))
(3905397, (1975, 1))
(4962293, (1990, 1))
(3181693, (1965, 1))
(5310997, (1994, 1))
(5235485, (1993, 1))
(4101253, (1978, 1))
(3322325, (1967, 1))
(4050061, (1977, 1))
(5029741, (1991, 1))
(4775165, (1988, 1))
(4150421, (1979, 1))
(4611485, (1986, 1))
(4249445, (1981, 1))
(4754589, (1988, 1))
(4966597, (1990, 2))
(5336229, (1994, 1))
(3525549, (1970, 1))
(3833005, (1974, 1))
(3975709, (1976, 1))
(4807973, (1989, 1))
(4390069, (1983, 1))
(4526525, (1985, 1))
(4580877, (1986, 1))
(5366973, (1994, 1))
(4940661, (1990, 1))
(4367493, (1983, 1))
(4683989, (1987, 1))
(4877805, (1989, 1))
(3857605, (1974, 1))
(3748277, (1973, 1))
(4685005, (1987, 1))
(4865229, (1989, 1))
(3853525, (1974, 1))
(3914061, (1975, 1))
(4995701, (1991, 1))
(4852957, (1989, 1))
(5069909, (1991, 1))
(4667941, (1987, 1))
(5184629, (1993, 1))
(3843301, (1974, 1))
(5168685, (1992, 1))
(4136173, (1979, 1))
(3753853, (1973, 1))
(4456149, (1984, 1))
(4913469, (1990, 1))
(4743229, (1988, 1))
(3794173, (1974, 1))
(4778101, (1988, 1))
(4704917, (1987, 1))
(3155045, (1964, 1))
(3665285, (1972, 1))
(4521413, (1985, 1))
(4383317, (1983, 1))
(4441645, (1984, 1))
(4316349, (1982, 1))
(5356413, (1994, 1))
(3962141, (1976, 1))
(4482669, (1984, 1))
(3730717, (1973, 1))
(4177797, (1979, 1))
(4701221, (1987, 1))
(3298597, (1967, 1))
(4366901, (1983, 1))
(3451949, (1969, 1))
(3736877, (1973, 1))
(5163229, (1992, 1))
(3749621, (1973, 1))
(3966261, (1976, 1))
(3514925, (1970, 1))
(3310885, (1967, 1))
(4126221, (1978, 1))
(4914493, (1990, 1))
(3464757, (1969, 1))
(3755237, (1973, 1))
(4757781, (1988, 1))
(4105541, (1978, 1))
(5319645, (1994, 1))
(4799821, (1989, 1))
(3961461, (1976, 1))
(3216941, (1965, 1))
(3835221, (1974, 1))
(3893061, (1975, 1))
(3909789, (1975, 1))
(4390237, (1983, 1))
(3265765, (1966, 1))
(3505301, (1970, 1))
(3081397, (1963, 1))
(5001445, (1991, 1))
(4118789, (1978, 2))
(4498789, (1985, 1))
(3078533, (1963, 1))
(5245381, (1993, 1))
(4750349, (1988, 1))
(5332333, (1994, 1))
(3404349, (1968, 1))
(3749101, (1973, 1))
(3861877, (1975, 1))
(3817365, (1974, 1))
(3538445, (1970, 1))
(4228653, (1980, 1))
(4967317, (1990, 1))
(4697573, (1987, 1))
(3279029, (1966, 1))
(4607365, (1986, 1))
(4814181, (1989, 1))
(4627853, (1986, 1))
(4320493, (1982, 1))
(5434557, (1995, 1))
(5313941, (1994, 1))
(5350813, (1994, 1))
(5430261, (1995, 1))
(4456973, (1984, 1))
(4914589, (1990, 1))
(4057669, (1977, 1))
(5342357, (1994, 1))
(3929821, (1975, 1))
(3882405, (1975, 1))
(4300669, (1981, 1))
(3846077, (1974, 1))
(3981309, (1976, 1))
(4005293, (1977, 1))
(3470933, (1969, 1))
(3385245, (1968, 1))
(5127405, (1992, 1))
(5780917, (1998, 1))
(4626781, (1986, 1))
(4502133, (1985, 1))
(4403645, (1983, 1))
(3561429, (1971, 1))
(4332517, (1982, 1))
(4966941, (1990, 1))
(5324221, (1994, 1))
(3979509, (1976, 1))
(5318285, (1994, 1))
(4609445, (1986, 1))
(3208645, (1965, 1))
(4602845, (1986, 1))
(5106197, (1992, 1))
(5412301, (1995, 1))
(4569701, (1986, 1))
(4806461, (1989, 1))
(3858149, (1974, 1))
(4009429, (1977, 1))
(3922253, (1975, 1))
(5584317, (1996, 1))
(3785501, (1974, 1))
(4247069, (1981, 1))
(4621789, (1986, 1))
(5305253, (1994, 1))
(3655813, (1972, 1))
(4602573, (1986, 1))
(3647293, (1972, 1))
(3868109, (1975, 1))
(3864037, (1975, 1))
(3733829, (1973, 1))
(4433789, (1984, 1))
(5148141, (1992, 1))
(4492541, (1985, 1))
(4701389, (1987, 1))
(3970549, (1976, 1))
(4925821, (1990, 1))
(4776237, (1988, 1))
(3814437, (1974, 1))
(4851829, (1989, 1))
(5385869, (1995, 1))
(3755789, (1973, 1))
(4568581, (1986, 1))
(4772245, (1988, 1))
(3780533, (1973, 1))
(3745317, (1973, 1))
(3706893, (1972, 1))
(4027917, (1977, 1))
(4872109, (1989, 1))
(4249253, (1981, 1))
(3890885, (1975, 1))
(5142037, (1992, 1))
(4628813, (1986, 1))
(4673053, (1987, 1))
(4636741, (1987, 1))
(4794629, (1988, 1))
(3702461, (1972, 1))
(3681317, (1972, 1))
(4488741, (1984, 1))
(5095541, (1992, 1))
(3563053, (1971, 1))
(4494941, (1985, 1))
(4149893, (1979, 1))
(5343453, (1994, 1))
(5262573, (1993, 1))
(4132405, (1979, 1))
(3205757, (1965, 1))
(4760389, (1988, 1))
(3343821, (1967, 1))
(5204517, (1993, 1))
(4767293, (1988, 1))
(5111733, (1992, 1))
(4117637, (1978, 1))
(4054597, (1977, 1))
(4806189, (1989, 1))
(4986245, (1991, 1))
(4173285, (1979, 1))
(4558413, (1985, 1))
(4181605, (1980, 1))
(4646285, (1987, 1))
(4415061, (1983, 1))
(4624877, (1986, 1))
(3989021, (1976, 1))
(4511325, (1985, 1))
(3075677, (1963, 1))
(4307557, (1981, 1))
(4231181, (1980, 1))
(5024981, (1991, 1))
(3782245, (1974, 1))
(5008205, (1991, 1))
(4189653, (1980, 1))
(4370029, (1983, 1))
(3512813, (1970, 1))
(3797949, (1974, 1))
(4130421, (1978, 1))
(3225213, (1965, 1))
(4331797, (1982, 1))
(3740285, (1973, 1))
(3861701, (1975, 1))
(4118149, (1978, 1))
(4282741, (1981, 1))
(3398709, (1968, 1))
(4512765, (1985, 1))
(4154397, (1979, 1))
(5080717, (1992, 1))
(4308589, (1981, 1))
(5317269, (1994, 1))
(4361877, (1982, 1))
(3962165, (1976, 1))
(5045541, (1991, 1))
(5544429, (1996, 1))
(5375645, (1994, 1))
(3971013, (1976, 1))
(4331229, (1982, 1))
(3786005, (1974, 1))
(5097125, (1992, 1))
(3780725, (1973, 1))
(3327789, (1967, 1))
(4372141, (1983, 1))
(4076829, (1978, 1))
(4722877, (1988, 1))
(4823261, (1989, 1))
(3986357, (1976, 1))
(4181813, (1980, 1))
(3729949, (1973, 1))
(4813373, (1989, 1))
(4495445, (1985, 1))
(4924021, (1990, 1))
(5124277, (1992, 1))
(5057837, (1991, 1))
(5398213, (1995, 1))
(5011277, (1991, 1))
(3894389, (1975, 1))
(4601277, (1986, 1))
(4587213, (1986, 1))
(3624909, (1971, 1))
(4723901, (1988, 1))
(4503253, (1985, 1))
(4901445, (1990, 1))
(5384717, (1995, 1))
(4556509, (1985, 1))
(3916069, (1975, 1))
(3477149, (1969, 1))
(4217461, (1980, 1))
(3092253, (1963, 1))
(4826853, (1989, 1))
(3391973, (1968, 1))
(4782141, (1988, 1))
(5323389, (1994, 1))
(4771573, (1988, 1))
(5161037, (1992, 1))
(4458485, (1984, 1))
(3837693, (1974, 1))
(3835861, (1974, 1))
(3493517, (1970, 1))
(5234437, (1993, 1))
(3424133, (1969, 1))
(3963317, (1976, 1))
(4799589, (1989, 1))
(5201677, (1993, 1))
(5357645, (1994, 1))
(4094253, (1978, 1))
(4936469, (1990, 1))
(3448645, (1969, 1))
(3814005, (1974, 1))
(3300797, (1967, 1))
(4983797, (1991, 1))
(5555997, (1996, 1))
(4677253, (1987, 1))
(5158037, (1992, 1))
(4160573, (1979, 1))
(3664621, (1972, 1))
(5097253, (1992, 1))
(4817741, (1989, 1))
(4025717, (1977, 1))
(3877413, (1975, 1))
(5494573, (1996, 1))
(3578845, (1971, 1))
(5155037, (1992, 1))
(3417909, (1968, 1))
(4956997, (1990, 1))
(3428733, (1969, 1))
(4265357, (1981, 1))
(5237213, (1993, 1))
(4108093, (1978, 1))
(4418661, (1983, 1))
(4527365, (1985, 1))
(4198213, (1980, 1))
(3099485, (1963, 1))
(3330941, (1967, 1))
(5125509, (1992, 1))
(3093605, (1963, 1))
(3360197, (1967, 1))
(3873301, (1975, 1))
(4435789, (1984, 1))
(4920445, (1990, 1))
(3401557, (1968, 1))
(4549461, (1985, 1))
(4780917, (1988, 1))
(3665373, (1972, 1))
(5416797, (1995, 1))
(4178917, (1979, 1))
(4443349, (1984, 1))
(4755301, (1988, 1))
(4361037, (1982, 1))
(4772325, (1988, 1))
(4310901, (1982, 1))
(3088237, (1963, 1))
(4140629, (1979, 1))
(5359933, (1994, 1))
(5164349, (1992, 1))
(4643941, (1987, 1))
(5089141, (1992, 1))
(4878165, (1989, 1))
(4937685, (1990, 1))
(4246469, (1981, 1))
(4659069, (1987, 1))
(4252309, (1981, 1))
(3457173, (1969, 1))
(4808581, (1989, 1))
(3176821, (1965, 1))
(4695949, (1987, 1))
(5353453, (1994, 1))
(4105373, (1978, 1))
(4088597, (1978, 1))
(4319125, (1982, 1))
(3904469, (1975, 1))
(5060509, (1991, 1))
(5099845, (1992, 1))
(3635109, (1972, 1))
(5012853, (1991, 1))
(4028381, (1977, 1))
(3864493, (1975, 1))
(3281565, (1966, 1))
(5548189, (1996, 1))
(3717341, (1973, 1))
(3487669, (1970, 1))
(3685221, (1972, 1))
(4280253, (1981, 1))
(4515829, (1985, 1))
(5097621, (1992, 1))
(4733661, (1988, 1))
(4358085, (1982, 1))
(4651349, (1987, 1))
(4640165, (1987, 1))
(4454509, (1984, 1))
(4064253, (1977, 1))
(5564365, (1996, 1))
(4053325, (1977, 1))
(4999829, (1991, 1))
(5384149, (1995, 1))
(4800357, (1989, 1))
(3786629, (1974, 1))
(3110453, (1963, 1))
(4006901, (1977, 1))
(4456413, (1984, 1))
(4192325, (1980, 1))
(4383341, (1983, 1))
(3674925, (1972, 1))
(3683549, (1972, 1))
(3203053, (1965, 1))
(4799485, (1989, 1))
(3125405, (1964, 1))
(4021973, (1977, 1))
(4780021, (1988, 1))
(4684221, (1987, 1))
(4763669, (1988, 1))
(3678205, (1972, 1))
(5352789, (1994, 1))
