(5189632, (1993, 1))
(3828736, (1974, 1))
(4124608, (1978, 1))
(5718024, (1998, 1))
(4449424, (1984, 1))
(3657744, (1972, 1))
(3445080, (1969, 1))
(3682360, (1972, 1))
(3108888, (1963, 1))
(5462344, (1995, 1))
(3760160, (1973, 1))
(3940016, (1976, 1))
(4675016, (1987, 1))
(3743784, (1973, 1))
(4460920, (1984, 1))
(5312168, (1994, 1))
(3158064, (1964, 1))
(4208648, (1980, 1))
(4649848, (1987, 1))
(3631312, (1971, 1))
(4976696, (1990, 1))
(3801800, (1974, 1))
(5264464, (1993, 1))
(5206080, (1993, 1))
(4618592, (1986, 1))
(4192192, (1980, 1))
(4286984, (1981, 1))
(4243528, (1981, 1))
(3346512, (1967, 1))
(4537016, (1985, 1))
(3946552, (1976, 1))
(4118616, (1978, 1))
(3133592, (1964, 1))
(3712232, (1973, 1))
(5052208, (1991, 1))
(3250272, (1966, 1))
(3928080, (1975, 1))
(5197192, (1993, 1))
(4888408, (1989, 1))
(3486232, (1969, 1))
(3862632, (1975, 1))
(4300048, (1981, 1))
(4692080, (1987, 1))
(4728168, (1988, 1))
(4338064, (1982, 1))
(5026840, (1991, 1))
(4247672, (1981, 1))
(4252888, (1981, 1))
(3680384, (1972, 1))
(4851392, (1989, 1))
(4250024, (1981, 1))
(4652992, (1987, 1))
(4959736, (1990, 1))
(3486616, (1969, 1))
(3498120, (1970, 1))
(5071704, (1991, 1))
(5142672, (1992, 1))
(4448280, (1984, 1))
(4179320, (1979, 1))
(3641496, (1972, 1))
(4143264, (1979, 1))
(4956528, (1990, 1))
(4118544, (1978, 1))
(3754584, (1973, 1))
(5705320, (1998, 1))
(5530576, (1996, 1))
(4937904, (1990, 1))
(4715208, (1987, 1))
(4515784, (1985, 1))
(4526264, (1985, 1))
(3203920, (1965, 1))
(4310720, (1982, 1))
(4939552, (1990, 1))
(4559040, (1985, 1))
(4991008, (1991, 1))
(4599256, (1986, 1))
(5289464, (1994, 1))
(5182808, (1993, 1))
(4933832, (1990, 1))
(3843400, (1974, 1))
(5193936, (1993, 1))
(5153144, (1992, 1))
(4515376, (1985, 1))
(5150936, (1992, 1))
(4663720, (1987, 1))
(3974312, (1976, 1))
(5119864, (1992, 1))
(4400944, (1983, 1))
(3881184, (1975, 1))
(4003536, (1977, 1))
(3210112, (1965, 1))
(4575184, (1986, 1))
(3767816, (1973, 1))
(3598568, (1971, 1))
(3166072, (1965, 1))
(4365448, (1982, 1))
(3911368, (1975, 1))
(3884840, (1975, 1))
(3969264, (1976, 1))
(4281384, (1981, 1))
(5323768, (1994, 1))
(4399352, (1983, 1))
(5226112, (1993, 1))
(3501240, (1970, 1))
(3707992, (1973, 1))
(3485952, (1969, 1))
(3576192, (1971, 1))
(4280136, (1981, 1))
(4469000, (1984, 1))
(4604032, (1986, 1))
(4259576, (1981, 1))
(3714352, (1973, 1))
(3662096, (1972, 1))
(3988184, (1976, 1))
(4952512, (1990, 1))
(3565072, (1971, 1))
(4339992, (1982, 1))
(3838264, (1974, 1))
(4751648, (1988, 1))
(3560496, (1971, 1))
(3383592, (1968, 1))
(4280624, (1981, 1))
(4821384, (1989, 1))
(4787616, (1988, 1))
(3930056, (1975, 1))
(4078912, (1978, 1))
(3541000, (1970, 1))
(3804424, (1974, 1))
(4503864, (1985, 1))
(3830968, (1974, 1))
(3123984, (1964, 1))
(4573504, (1986, 1))
(4484832, (1984, 1))
(4831560, (1989, 1))
(4829520, (1989, 1))
(3361848, (1968, 1))
(3653976, (1972, 1))
(3475056, (1969, 1))
(4091536, (1978, 1))
(3971424, (1976, 1))
(4634000, (1987, 1))
(3605992, (1971, 1))
(3563880, (1971, 1))
(4828808, (1989, 1))
(5110128, (1992, 1))
(4094696, (1978, 1))
(5433720, (1995, 1))
(4287608, (1981, 1))
(4750520, (1988, 1))
(4644544, (1987, 1))
(3706104, (1972, 1))
(4631408, (1986, 1))
(3993984, (1976, 1))
(4244544, (1981, 1))
(5508992, (1996, 1))
(3894256, (1975, 1))
(5027872, (1991, 1))
(4688264, (1987, 1))
(4658320, (1987, 1))
(4400336, (1983, 1))
(4424512, (1984, 1))
(3879312, (1975, 1))
(4725144, (1988, 1))
(4382128, (1983, 1))
(4482512, (1984, 1))
(5362264, (1994, 1))
(4889640, (1989, 1))
(4448664, (1984, 1))
(3241000, (1966, 1))
(5415224, (1995, 1))
(5405088, (1995, 1))
(5401328, (1995, 1))
(4716560, (1987, 1))
(4229544, (1980, 1))
(5355144, (1994, 1))
(4516272, (1985, 1))
(3540040, (1970, 1))
(4098888, (1978, 1))
(4409784, (1983, 1))
(5103976, (1992, 1))
(3160512, (1964, 1))
(4001184, (1977, 2))
(5327304, (1994, 1))
(4877680, (1989, 1))
(3859024, (1975, 1))
(4225488, (1980, 1))
(4314480, (1982, 1))
(4303296, (1981, 1))
(4450776, (1984, 1))
(4465792, (1984, 1))
(4289248, (1981, 1))
(5145376, (1992, 1))
(5222480, (1993, 1))
(3391336, (1968, 1))
(3715560, (1973, 1))
(3552872, (1971, 1))
(3511000, (1970, 1))
(3852592, (1974, 1))
(3234288, (1966, 1))
(4247976, (1981, 1))
(4852568, (1989, 1))
(4878800, (1989, 1))
(4307448, (1981, 1))
(3128896, (1964, 1))
(3796672, (1974, 1))
(4088072, (1978, 1))
(4162048, (1979, 1))
(3279616, (1966, 1))
(4803904, (1989, 1))
(4030216, (1977, 1))
(4592136, (1986, 1))
(4510224, (1985, 1))
(3457112, (1969, 1))
(4583320, (1986, 1))
(4263472, (1981, 1))
(5061144, (1991, 1))
(5102656, (1992, 1))
(3553600, (1971, 1))
(5114400, (1992, 1))
(4786608, (1988, 1))
(3662328, (1972, 1))
(3957288, (1976, 1))
(4734568, (1988, 1))
(5006464, (1991, 1))
(4978208, (1990, 1))
(4104752, (1978, 1))
(5107464, (1992, 1))
(5187592, (1993, 1))
(4733496, (1988, 1))
(3951168, (1976, 1))
(4368480, (1983, 1))
(5081480, (1992, 1))
(4387000, (1983, 1))
(4882288, (1989, 1))
(4887880, (1989, 1))
(5491272, (1996, 1))
(4904240, (1990, 2))
(4807248, (1989, 1))
(4415928, (1983, 1))
(4650416, (1987, 1))
(5209552, (1993, 1))
(4123224, (1978, 1))
(3264272, (1966, 1))
(4372792, (1983, 1))
(4463424, (1984, 1))
(4094736, (1978, 1))
(3283560, (1966, 1))
(4191392, (1980, 1))
(4182592, (1980, 1))
(5014128, (1991, 1))
(4333672, (1982, 1))
(3446696, (1969, 1))
(3881592, (1975, 1))
(3736192, (1973, 1))
(4807104, (1989, 1))
(4981712, (1991, 1))
(3917272, (1975, 1))
(4860552, (1989, 1))
(3935864, (1976, 1))
(3755704, (1973, 1))
(4262544, (1981, 1))
(4261656, (1981, 1))
(5429144, (1995, 1))
(4856472, (1989, 1))
(4508776, (1985, 1))
(4239608, (1980, 1))
(3951264, (1976, 1))
(4888688, (1989, 1))
(4887376, (1989, 1))
(3678896, (1972, 1))
(3652040, (1972, 1))
(4063360, (1977, 1))
(4723544, (1988, 1))
(4519504, (1985, 1))
(3572792, (1971, 1))
(4788920, (1988, 1))
(3567200, (1971, 1))
(4080304, (1978, 1))
(4928192, (1990, 1))
(4538144, (1985, 1))
(3908608, (1975, 1))
(3660488, (1972, 1))
(4551400, (1985, 1))
(5481168, (1996, 1))
(3611768, (1971, 1))
(3617848, (1971, 1))
(4516568, (1985, 1))
(4392232, (1983, 1))
(4287200, (1981, 1))
(4932048, (1990, 1))
(5398936, (1995, 1))
(4408872, (1983, 1))
(4627176, (1986, 1))
(5163184, (1992, 1))
(4082488, (1978, 1))
(3926768, (1975, 1))
(3941160, (1976, 1))
(4918352, (1990, 1))
(4043344, (1977, 1))
(5366544, (1994, 1))
(4630304, (1986, 1))
(4930304, (1990, 1))
(4587648, (1986, 1))
(3861080, (1975, 1))
(3669496, (1972, 1))
(4672040, (1987, 1))
(4619016, (1986, 1))
(4029160, (1977, 1))
(3449616, (1969, 1))
(5147096, (1992, 1))
(4168504, (1979, 1))
(4811296, (1989, 1))
(4190784, (1980, 1))
(4543864, (1985, 1))
(4162336, (1979, 1))
(4306736, (1981, 1))
(5490496, (1996, 1))
(3418920, (1968, 1))
(4465272, (1984, 1))
(4332768, (1982, 1))
(5493552, (1996, 1))
(3732616, (1973, 1))
(4707328, (1987, 1))
(4247592, (1981, 1))
(4557624, (1985, 1))
(4069056, (1978, 1))
(3819304, (1974, 1))
(4629872, (1986, 1))
(3818304, (1974, 1))
(4699616, (1987, 1))
(4303240, (1981, 1))
(3761920, (1973, 1))
(4998808, (1991, 1))
(3742536, (1973, 1))
(3618488, (1971, 1))
(4883176, (1989, 1))
(4378392, (1983, 1))
(3679056, (1972, 1))
(3706680, (1972, 1))
(4234840, (1980, 1))
(4543320, (1985, 1))
(4627280, (1986, 1))
(3361632, (1968, 1))
(3399824, (1968, 1))
(3099520, (1963, 1))
(4978336, (1990, 1))
(5002792, (1991, 1))
(4741992, (1988, 1))
(4583048, (1986, 1))
(3143984, (1964, 1))
(4094832, (1978, 1))
(5081576, (1992, 1))
(4225976, (1980, 1))
(4794864, (1989, 1))
(3380088, (1968, 1))
(4450408, (1984, 1))
(3601168, (1971, 1))
(3439488, (1969, 1))
(5206848, (1993, 1))
(5353864, (1994, 1))
(3824168, (1974, 1))
(3953544, (1976, 1))
(4613328, (1986, 1))
(4721552, (1988, 1))
(3991704, (1976, 1))
(4200472, (1980, 1))
(3765144, (1973, 1))
(4727488, (1988, 1))
(4328680, (1982, 1))
(4340640, (1982, 1))
(3860976, (1975, 1))
(4956080, (1990, 1))
(3652472, (1972, 1))
(5035528, (1991, 1))
(5201448, (1993, 1))
(4688808, (1987, 1))
(4352208, (1982, 1))
(3623856, (1971, 1))
(4602696, (1986, 1))
(3999040, (1976, 1))
(4664688, (1987, 1))
(4953080, (1990, 1))
(3615672, (1971, 1))
(4203544, (1980, 1))
(4142848, (1979, 1))
(4946880, (1990, 1))
(4720800, (1988, 1))
(4814848, (1989, 1))
(3859400, (1975, 1))
(5005904, (1991, 1))
(4420560, (1983, 1))
(4528632, (1985, 1))
(4737976, (1988, 1))
(5096360, (1992, 1))
(3485776, (1969, 1))
(5397512, (1995, 1))
(4996056, (1991, 1))
(4516152, (1985, 1))
(4219872, (1980, 1))
(3310416, (1967, 1))
(4177288, (1979, 1))
(4240360, (1980, 1))
(3123304, (1964, 1))
(4646240, (1987, 1))
(3404784, (1968, 1))
(4653224, (1987, 1))
(3846608, (1974, 1))
(4702736, (1987, 1))
(3630072, (1971, 1))
(4322000, (1982, 1))
(4815872, (1989, 1))
(4468224, (1984, 1))
(4611080, (1986, 1))
(4582576, (1986, 1))
(3467032, (1969, 1))
(3931152, (1976, 1))
(4625240, (1986, 1))
(3666368, (1972, 1))
(4359192, (1982, 1))
(4933192, (1990, 1))
(5155672, (1992, 1))
(4302088, (1981, 1))
(3990560, (1976, 1))
(3503280, (1970, 1))
(3402792, (1968, 1))
(3137872, (1964, 1))
(3222688, (1965, 1))
(5442608, (1995, 1))
(4349448, (1982, 1))
(3847224, (1974, 1))
(4593512, (1986, 1))
(3799760, (1974, 1))
(3329088, (1967, 1))
(4763488, (1988, 1))
(3342304, (1967, 1))
(4879432, (1989, 1))
(3986384, (1976, 1))
(3652688, (1972, 1))
(4364472, (1982, 1))
(3380312, (1968, 1))
(4039264, (1977, 1))
(3443264, (1969, 1))
(5241464, (1993, 1))
(4571872, (1986, 1))
(4132240, (1979, 1))
(4191328, (1980, 1))
(3619344, (1971, 1))
(3266608, (1966, 1))
(4709480, (1987, 1))
(4015328, (1977, 1))
(4393264, (1983, 1))
(3691632, (1972, 1))
(5487464, (1996, 1))
(4883792, (1989, 1))
(4150392, (1979, 1))
(4063952, (1977, 1))
(5162720, (1992, 1))
(3674896, (1972, 1))
(4611200, (1986, 1))
(4046016, (1977, 1))
(5471992, (1995, 1))
(5762184, (1998, 1))
(3707848, (1973, 1))
(3487864, (1970, 1))
(3683080, (1972, 1))
(4672864, (1987, 1))
(3490632, (1970, 1))
(4397592, (1983, 1))
(4240784, (1980, 1))
(4829176, (1989, 1))
(3752816, (1973, 1))
(4702264, (1987, 1))
(4182136, (1980, 1))
(4589264, (1986, 1))
(3374240, (1968, 1))
(4110192, (1978, 1))
(4909120, (1990, 1))
(4721832, (1988, 1))
(4410592, (1983, 1))
(4707584, (1987, 1))
(4676896, (1987, 1))
(4277424, (1981, 1))
(4187336, (1980, 1))
(5078432, (1992, 1))
(3353560, (1967, 1))
(4545720, (1985, 1))
(3667192, (1972, 1))
(5396224, (1995, 1))
(5059776, (1991, 1))
(3885600, (1975, 1))
(4657120, (1987, 1))
(3339464, (1967, 1))
(4054280, (1977, 1))
(4164816, (1979, 1))
(3117944, (1964, 1))
(3930496, (1976, 1))
(5203624, (1993, 1))
(4644056, (1987, 1))
(4122448, (1978, 1))
(5260512, (1993, 1))
(5017808, (1991, 1))
(4142552, (1979, 1))
(5057104, (1991, 1))
(4601064, (1986, 1))
(4720816, (1988, 1))
(5031640, (1991, 1))
(4132080, (1979, 1))
(4568616, (1986, 1))
(5115328, (1992, 1))
(4735816, (1988, 1))
(3892472, (1975, 1))
(3428032, (1969, 1))
(3407096, (1968, 1))
(4803840, (1989, 1))
(4096896, (1978, 1))
(4189232, (1980, 1))
(5632808, (1997, 1))
(3457152, (1969, 1))
(4970360, (1990, 1))
(5331168, (1994, 1))
(5254448, (1993, 1))
(5070096, (1991, 1))
(5583064, (1996, 1))
(4535152, (1985, 1))
(3231152, (1966, 1))
(3753240, (1973, 1))
(5219464, (1993, 1))
(3550376, (1970, 1))
(4254496, (1981, 1))
(3880224, (1975, 1))
(4083248, (1978, 1))
(3607456, (1971, 1))
(3724816, (1973, 1))
(3343880, (1967, 1))
(5205288, (1993, 1))
(3556656, (1971, 1))
(4816224, (1989, 1))
(4084144, (1978, 1))
(3148144, (1964, 1))
(3682472, (1972, 1))
(3490024, (1970, 1))
(3131656, (1964, 1))
(4265280, (1981, 1))
(4968672, (1990, 1))
(3643328, (1972, 1))
(4244344, (1981, 1))
(5436744, (1995, 1))
(4435792, (1984, 1))
(3325016, (1967, 1))
(3925328, (1975, 1))
(4758072, (1988, 1))
(4755872, (1988, 1))
(5097464, (1992, 1))
(3853656, (1974, 1))
(3895448, (1975, 1))
(4322080, (1982, 1))
(4466016, (1984, 1))
(3960720, (1976, 1))
(4302416, (1981, 1))
(5115240, (1992, 1))
(4740256, (1988, 1))
(4083264, (1978, 1))
(3840080, (1974, 1))
(4756848, (1988, 1))
(4656360, (1987, 1))
(4742488, (1988, 1))
(4716456, (1987, 1))
(3621848, (1971, 1))
(4029816, (1977, 1))
(5367520, (1994, 1))
(4136248, (1979, 1))
(3218816, (1965, 1))
(4540992, (1985, 1))
(5339560, (1994, 1))
(5177800, (1993, 1))
(4190808, (1980, 1))
(4914568, (1990, 1))
(3949256, (1976, 1))
(3741464, (1973, 1))
(3286416, (1966, 1))
(4895640, (1990, 1))
(3892632, (1975, 1))
(3590752, (1971, 1))
(3891904, (1975, 1))
(4425120, (1984, 1))
(4969712, (1990, 1))
(4519792, (1985, 1))
(5229016, (1993, 1))
(3837416, (1974, 1))
(4263336, (1981, 1))
(4416848, (1983, 1))
(4177328, (1979, 1))
(4309576, (1982, 1))
(4429832, (1984, 1))
(4228984, (1980, 1))
(4292160, (1981, 1))
(4720576, (1988, 1))
(4275648, (1981, 1))
(3882912, (1975, 1))
(4931016, (1990, 1))
(4083592, (1978, 1))
(4793808, (1988, 1))
(4858104, (1989, 1))
(3661200, (1972, 1))
(4074072, (1978, 1))
(5303760, (1994, 1))
(4455952, (1984, 1))
(5473840, (1995, 1))
(5019096, (1991, 1))
(3173056, (1965, 1))
(4250888, (1981, 1))
(3907040, (1975, 1))
(3492432, (1970, 1))
(4305472, (1981, 1))
(4826664, (1989, 1))
(3982824, (1976, 1))
(4293456, (1981, 1))
(3876688, (1975, 1))
(5430768, (1995, 1))
(3155880, (1964, 1))
(4726144, (1988, 1))
(5299192, (1994, 1))
(4716024, (1987, 1))
(4942816, (1990, 1))
(3815512, (1974, 1))
(4142592, (1979, 1))
(5088512, (1992, 1))
(4405216, (1983, 1))
(4042248, (1977, 1))
(3830600, (1974, 1))
(3877464, (1975, 1))
(4662856, (1987, 1))
(4675544, (1987, 1))
(3936400, (1976, 1))
(4347416, (1982, 1))
(3621952, (1971, 1))
(3437248, (1969, 1))
(5027360, (1991, 1))
(4516784, (1985, 1))
(4617768, (1986, 1))
(4862368, (1989, 1))
(3262168, (1966, 1))
(4470320, (1984, 1))
(4866312, (1989, 1))
(3441136, (1969, 1))
(5354560, (1994, 1))
(4906552, (1990, 1))
(4039280, (1977, 1))
(3482872, (1969, 1))
(4107840, (1978, 1))
(5211744, (1993, 1))
(5646856, (1997, 1))
(5600824, (1997, 1))
(4068936, (1978, 1))
(5042984, (1991, 1))
(5430864, (1995, 1))
(3806136, (1974, 1))
(4879792, (1989, 1))
(3985952, (1976, 1))
(4136528, (1979, 1))
(4822384, (1989, 1))
(4333152, (1982, 1))
(3071248, (1963, 1))
(4172672, (1979, 1))
(4535200, (1985, 1))
(4378960, (1983, 1))
(4945512, (1990, 1))
(5219952, (1993, 1))
(4238952, (1980, 1))
(3609104, (1971, 1))
(4430384, (1984, 1))
(4419192, (1983, 1))
(3758248, (1973, 1))
(5411408, (1995, 1))
(5279488, (1994, 1))
(4030080, (1977, 1))
(4169664, (1979, 1))
(5004728, (1991, 1))
(3974440, (1976, 1))
(5097096, (1992, 1))
(4536232, (1985, 1))
(4994840, (1991, 1))
(4480304, (1984, 1))
(4570768, (1986, 1))
(3418392, (1968, 1))
(4145600, (1979, 1))
(5400216, (1995, 1))
(4450912, (1984, 1))
(4638368, (1987, 1))
(4384368, (1983, 1))
(5002960, (1991, 1))
(5499352, (1996, 1))
(4380488, (1983, 1))
(3337896, (1967, 1))
(3773048, (1973, 1))
(3507888, (1970, 1))
(4372424, (1983, 1))
(4196816, (1980, 1))
(4224376, (1980, 1))
(4463120, (1984, 1))
(4869816, (1989, 1))
(4531936, (1985, 1))
(5821168, (1998, 1))
(3331776, (1967, 1))
(5006624, (1991, 1))
(4603808, (1986, 1))
(4093432, (1978, 1))
(4884168, (1989, 1))
(4968208, (1990, 1))
(4684552, (1987, 1))
(5078736, (1992, 1))
(5343864, (1994, 1))
(4630064, (1986, 1))
(4849368, (1989, 1))
(5727400, (1998, 1))
(3831016, (1974, 1))
(4938816, (1990, 1))
(4690896, (1987, 1))
(3883936, (1975, 1))
(3393256, (1968, 1))
(4522048, (1985, 1))
(5275400, (1994, 1))
(5244712, (1993, 1))
(4462320, (1984, 1))
(4560168, (1985, 1))
(4481944, (1984, 1))
(4480760, (1984, 1))
(3450624, (1969, 1))
(3391104, (1968, 1))
(5376944, (1994, 1))
(3964408, (1976, 1))
(3270408, (1966, 1))
(3629704, (1971, 1))
(3723064, (1973, 1))
(3872528, (1975, 1))
(4621272, (1986, 1))
(5354440, (1994, 1))
(4072976, (1978, 1))
(4548208, (1985, 1))
(4599576, (1986, 1))
(3085912, (1963, 1))
(4708128, (1987, 1))
(4370736, (1983, 1))
(4676416, (1987, 1))
(5443504, (1995, 1))
(4827152, (1989, 1))
(3667008, (1972, 1))
(3337048, (1967, 1))
(4700488, (1987, 1))
(5435184, (1995, 1))
(3266184, (1966, 1))
(3238808, (1966, 1))
(4009896, (1977, 1))
(5295760, (1994, 1))
(3718968, (1973, 1))
(4203640, (1980, 1))
(3352392, (1967, 1))
(4263584, (1981, 1))
(5554552, (1996, 1))
(3786560, (1974, 1))
(4086752, (1978, 1))
(3536712, (1970, 1))
(3525776, (1970, 1))
(5617336, (1997, 1))
(3948248, (1976, 1))
(4568912, (1986, 1))
(4014392, (1977, 1))
(5196160, (1993, 1))
(4396888, (1983, 1))
(4441712, (1984, 1))
(3648256, (1972, 1))
(4161376, (1979, 1))
(3975824, (1976, 1))
(3660736, (1972, 1))
(5177200, (1993, 1))
(4308840, (1982, 1))
(5629544, (1997, 1))
(4957408, (1990, 1))
(4346648, (1982, 1))
(5322608, (1994, 1))
(3293160, (1966, 1))
(5176248, (1993, 1))
(3900376, (1975, 1))
(5643320, (1997, 1))
(5173112, (1992, 1))
(5383904, (1995, 1))
(3618592, (1971, 1))
(4530048, (1985, 1))
(5029184, (1991, 1))
(4700584, (1987, 1))
(5314072, (1994, 1))
(3725192, (1973, 1))
(5205232, (1993, 1))
(4095888, (1978, 1))
(5752472, (1998, 1))
(5172904, (1992, 1))
(5680624, (1997, 1))
(4560920, (1985, 1))
(4677528, (1987, 1))
(4010104, (1977, 1))
(5148016, (1992, 1))
(5179296, (1993, 1))
(4945904, (1990, 1))
(4046248, (1977, 1))
(3145584, (1964, 1))
(4366248, (1982, 1))
(3116128, (1963, 1))
(5199792, (1993, 1))
(4643144, (1987, 1))
(4185520, (1980, 1))
(4743208, (1988, 1))
(4363904, (1982, 1))
(4943808, (1990, 1))
(5400224, (1995, 1))
(4939680, (1990, 1))
(5105600, (1992, 1))
(4456392, (1984, 1))
(4295368, (1981, 1))
(3266296, (1966, 1))
(5185488, (1993, 1))
(3823608, (1974, 1))
(5480472, (1996, 1))
(4139064, (1979, 1))
(4833240, (1989, 1))
(5756528, (1998, 1))
(3349768, (1967, 1))
(4876600, (1989, 1))
(4345824, (1982, 1))
(4690256, (1987, 1))
(5202848, (1993, 1))
(3796968, (1974, 1))
(4310440, (1982, 1))
(4059344, (1977, 1))
(4449520, (1984, 1))
(4390896, (1983, 1))
(3862184, (1975, 1))
(4806632, (1989, 1))
(3777560, (1973, 1))
(4407288, (1983, 1))
(4678288, (1987, 1))
(3493048, (1970, 1))
(3880672, (1975, 1))
(3728664, (1973, 1))
(4994896, (1991, 1))
