(4241604, (1980, 1))
(4818948, (1989, 1))
(4056004, (1977, 1))
(5141044, (1992, 1))
(3809964, (1974, 1))
(4552604, (1985, 1))
(3786764, (1974, 1))
(3530772, (1970, 1))
(3957052, (1976, 1))
(5280476, (1994, 1))
(4278716, (1981, 1))
(4925468, (1990, 1))
(5090116, (1992, 1))
(4399140, (1983, 1))
(4695884, (1987, 1))
(4172124, (1979, 1))
(5133700, (1992, 1))
(4719548, (1988, 1))
(3321900, (1967, 1))
(4290052, (1981, 1))
(4423852, (1984, 1))
(4991308, (1991, 1))
(4815540, (1989, 1))
(4331580, (1982, 1))
(3355132, (1967, 1))
(5634052, (1997, 1))
(4358084, (1982, 1))
(4674412, (1987, 1))
(4493572, (1985, 1))
(4167748, (1979, 1))
(4889356, (1989, 1))
(4861964, (1989, 1))
(3156044, (1964, 1))
(4430468, (1984, 1))
(3121236, (1964, 1))
(4499396, (1985, 1))
(5327572, (1994, 1))
(4728164, (1988, 1))
(5233540, (1993, 1))
(4048300, (1977, 1))
(4083804, (1978, 1))
(5032396, (1991, 1))
(4444260, (1984, 1))
(5260988, (1993, 1))
(4197308, (1980, 1))
(4743276, (1988, 1))
(5109220, (1992, 1))
(4317196, (1982, 1))
(4285076, (1981, 1))
(4884652, (1989, 1))
(3260532, (1966, 1))
(5659900, (1997, 1))
(4634644, (1987, 1))
(4487012, (1984, 1))
(4321404, (1982, 1))
(5572052, (1996, 1))
(4628612, (1986, 1))
(4457748, (1984, 1))
(3927988, (1975, 1))
(4099436, (1978, 1))
(4072852, (1978, 1))
(4556940, (1985, 1))
(4106092, (1978, 1))
(4977772, (1990, 1))
(5562516, (1996, 1))
(4662540, (1987, 1))
(5422788, (1995, 1))
(3346588, (1967, 1))
(5740508, (1998, 1))
(4757668, (1988, 1))
(4408580, (1983, 1))
(4135252, (1979, 1))
(4109340, (1978, 1))
(5638316, (1997, 1))
(3527220, (1970, 1))
(4264396, (1981, 1))
(3969196, (1976, 1))
(5591220, (1997, 1))
(3836692, (1974, 1))
(4758356, (1988, 1))
(5464436, (1995, 1))
(4157348, (1979, 1))
(3870908, (1975, 1))
(3489372, (1970, 1))
(4991172, (1991, 1))
(5029580, (1991, 1))
(4884684, (1989, 1))
(4829212, (1989, 1))
(4264484, (1981, 1))
(4287724, (1981, 1))
(4059348, (1977, 1))
(3450092, (1969, 1))
(4165396, (1979, 1))
(5333028, (1994, 1))
(5404892, (1995, 1))
(3859948, (1975, 1))
(3394172, (1968, 1))
(3762404, (1973, 1))
(4264212, (1981, 1))
(4617596, (1986, 1))
(5155052, (1992, 1))
(5329428, (1994, 1))
(4819052, (1989, 1))
(4938940, (1990, 1))
(3457268, (1969, 1))
(4103524, (1978, 1))
(3805908, (1974, 1))
(4837628, (1989, 1))
(4894204, (1990, 1))
(4354308, (1982, 1))
(4346116, (1982, 1))
(4900908, (1990, 1))
(5291444, (1994, 1))
(4200716, (1980, 1))
(3931828, (1976, 1))
(4651284, (1987, 1))
(3749132, (1973, 1))
(4268420, (1981, 1))
(3287324, (1966, 1))
(3297268, (1967, 1))
(3841060, (1974, 1))
(4334660, (1982, 1))
(4757884, (1988, 1))
(5505316, (1996, 1))
(5103484, (1992, 1))
(3509084, (1970, 1))
(4266716, (1981, 1))
(5560204, (1996, 1))
(4622636, (1986, 1))
(5214316, (1993, 1))
(3920180, (1975, 1))
(4565956, (1986, 1))
(5178420, (1993, 1))
(4978564, (1990, 1))
(4186540, (1980, 1))
(3903804, (1975, 1))
(3719492, (1973, 1))
(4791572, (1988, 1))
(5040524, (1991, 1))
(3705164, (1972, 1))
(5511196, (1996, 1))
(4353620, (1982, 1))
(5063140, (1991, 1))
(4167028, (1979, 1))
(3394244, (1968, 1))
(3585764, (1971, 1))
(4997468, (1991, 1))
(3360620, (1967, 1))
(4562572, (1985, 1))
(4360548, (1982, 1))
(4931164, (1990, 1))
(4386876, (1983, 1))
(5718420, (1998, 1))
(4523428, (1985, 1))
(5060972, (1991, 1))
(4668412, (1987, 1))
(5121572, (1992, 1))
(4162196, (1979, 1))
(4850036, (1989, 1))
(5550932, (1996, 1))
(4712852, (1987, 1))
(4288892, (1981, 1))
(4789108, (1988, 1))
(3678212, (1972, 1))
(4100684, (1978, 1))
(4717268, (1988, 1))
(3936644, (1976, 1))
(4359964, (1982, 1))
(4418284, (1983, 2))
(4655524, (1987, 1))
(3987852, (1976, 1))
(4376604, (1983, 1))
(4114900, (1978, 1))
(3149492, (1964, 1))
(3379604, (1968, 1))
(4075316, (1978, 1))
(5194820, (1993, 1))
(3802948, (1974, 1))
(3645852, (1972, 2))
(4287868, (1981, 1))
(4678052, (1987, 1))
(5168356, (1992, 1))
(3323292, (1967, 1))
(4962732, (1990, 1))
(5433780, (1995, 1))
(4719036, (1988, 1))
(3842020, (1974, 1))
(4250052, (1981, 1))
(4113100, (1978, 1))
(4306228, (1981, 1))
(5097548, (1992, 1))
(4688260, (1987, 1))
(3674532, (1972, 1))
(4198860, (1980, 1))
(4071908, (1978, 1))
(4248604, (1981, 1))
(3521092, (1970, 1))
(3868276, (1975, 1))
(4192452, (1980, 1))
(3803604, (1974, 1))
(4329756, (1982, 1))
(3734340, (1973, 1))
(3760548, (1973, 1))
(4766260, (1988, 1))
(4123100, (1978, 1))
(5353100, (1994, 1))
(5233124, (1993, 1))
(4740796, (1988, 1))
(4392700, (1983, 1))
(4092396, (1978, 1))
(3450524, (1969, 1))
(5044788, (1991, 1))
(3525476, (1970, 1))
(3805540, (1974, 1))
(3087028, (1963, 1))
(3863028, (1975, 1))
(4534356, (1985, 1))
(3709644, (1973, 1))
(4456956, (1984, 1))
(3287556, (1966, 1))
(3857764, (1974, 1))
(4560668, (1985, 1))
(3850668, (1974, 1))
(3668492, (1972, 1))
(5041652, (1991, 1))
(5126692, (1992, 1))
(4203596, (1980, 1))
(4801044, (1989, 1))
(3760092, (1973, 1))
(4870004, (1989, 1))
(4405660, (1983, 1))
(4657692, (1987, 1))
(5047852, (1991, 1))
(5528092, (1996, 1))
(5159460, (1992, 1))
(4553820, (1985, 1))
(3645996, (1972, 1))
(4382308, (1983, 1))
(4572740, (1986, 1))
(3496500, (1970, 1))
(4145972, (1979, 1))
(3559124, (1971, 1))
(5257652, (1993, 1))
(3527228, (1970, 1))
(3890716, (1975, 1))
(4187708, (1980, 1))
(5506748, (1996, 1))
(4409924, (1983, 1))
(4900620, (1990, 1))
(4777396, (1988, 1))
(5655116, (1997, 1))
(5190116, (1993, 1))
(3893844, (1975, 1))
(5149796, (1992, 1))
(4559452, (1985, 1))
(4636540, (1987, 1))
(3947524, (1976, 1))
(3184756, (1965, 1))
(4196964, (1980, 1))
(3664316, (1972, 1))
(3542988, (1970, 1))
(4750460, (1988, 1))
(5037700, (1991, 1))
(3719796, (1973, 1))
(4940044, (1990, 1))
(5097676, (1992, 1))
(4744980, (1988, 1))
(5316484, (1994, 1))
(4283004, (1981, 1))
(4866508, (1989, 1))
(5100172, (1992, 1))
(4763356, (1988, 1))
(4037252, (1977, 1))
(5628012, (1997, 1))
(4960908, (1990, 1))
(4943932, (1990, 1))
(4257884, (1981, 1))
(3503300, (1970, 1))
(4414100, (1983, 1))
(4900628, (1990, 1))
(3575236, (1971, 1))
(3739052, (1973, 1))
(4778652, (1988, 1))
(5020020, (1991, 1))
(3751876, (1973, 1))
(3321028, (1967, 1))
(4733604, (1988, 1))
(5161204, (1992, 1))
(4394276, (1983, 1))
(4801308, (1989, 1))
(5043052, (1991, 1))
(5247660, (1993, 1))
(4066156, (1978, 1))
(5104308, (1992, 1))
(4477748, (1984, 1))
(4322420, (1982, 1))
(3848892, (1974, 1))
(4031476, (1977, 1))
(4064724, (1977, 1))
(5112516, (1992, 1))
(3973588, (1976, 1))
(4859348, (1989, 1))
(5070164, (1991, 1))
(3602892, (1971, 1))
(3764940, (1973, 1))
(5047796, (1991, 1))
(4007540, (1977, 1))
(5100716, (1992, 1))
(4698836, (1987, 1))
(5095204, (1992, 1))
(5475724, (1995, 1))
(4839868, (1989, 1))
(3502812, (1970, 1))
(3949444, (1976, 1))
(5380564, (1995, 1))
(4100220, (1978, 1))
(3132140, (1964, 1))
(3339292, (1967, 1))
(4357180, (1982, 1))
(3650196, (1972, 1))
(3496692, (1970, 1))
(4303316, (1981, 1))
(3906300, (1975, 1))
(5337220, (1994, 1))
(5032708, (1991, 1))
(3788020, (1974, 1))
(4523228, (1985, 1))
(3933004, (1976, 1))
(5677868, (1997, 1))
(3601164, (1971, 1))
(5155820, (1992, 1))
(3456044, (1969, 1))
(3460204, (1969, 1))
(4510484, (1985, 1))
(3271916, (1966, 1))
(4616052, (1986, 1))
(3210012, (1965, 1))
(4618780, (1986, 1))
(5090012, (1992, 1))
(3534548, (1970, 1))
(4592252, (1986, 1))
(3207972, (1965, 1))
(4458316, (1984, 1))
(5241308, (1993, 1))
(5258028, (1993, 1))
(3709460, (1973, 1))
(5402212, (1995, 1))
(5416124, (1995, 1))
(3412788, (1968, 1))
(3685660, (1972, 1))
(5374252, (1994, 1))
(3959604, (1976, 1))
(4994948, (1991, 1))
(4748668, (1988, 1))
(4215404, (1980, 1))
(4889412, (1989, 1))
(3915548, (1975, 1))
(5170484, (1992, 1))
(5160532, (1992, 1))
(4990092, (1991, 1))
(4760396, (1988, 1))
(3351380, (1967, 1))
(4276540, (1981, 1))
(3660260, (1972, 1))
(4207452, (1980, 1))
(3749356, (1973, 1))
(4644492, (1987, 1))
(4641636, (1987, 1))
(5394236, (1995, 1))
(3325316, (1967, 1))
(4399980, (1983, 1))
(4827652, (1989, 1))
(3675508, (1972, 1))
(5776244, (1998, 1))
(4539540, (1985, 1))
(4256636, (1981, 1))
(3174244, (1965, 1))
(4499100, (1985, 1))
(3726212, (1973, 1))
(4275964, (1981, 1))
(4310812, (1982, 1))
(4919236, (1990, 1))
(4509164, (1985, 1))
(4836236, (1989, 1))
(4544996, (1985, 1))
(3469892, (1969, 1))
(4669044, (1987, 1))
(5228108, (1993, 1))
(4669644, (1987, 1))
(4203980, (1980, 1))
(4585300, (1986, 1))
(3076932, (1963, 1))
(3434908, (1969, 1))
(4817820, (1989, 1))
(3761156, (1973, 1))
(3735220, (1973, 1))
(4076220, (1978, 1))
(4639652, (1987, 1))
(4925908, (1990, 1))
(5368732, (1994, 1))
(3765180, (1973, 1))
(3865564, (1975, 1))
(3958756, (1976, 1))
(4080564, (1978, 1))
(4294924, (1981, 1))
(5309940, (1994, 1))
(4837284, (1989, 1))
(3802044, (1974, 1))
(5334220, (1994, 1))
(4423348, (1983, 1))
(3578820, (1971, 1))
(4923620, (1990, 1))
(4050716, (1977, 1))
(4741964, (1988, 1))
(3558348, (1971, 1))
(4482244, (1984, 1))
(4092452, (1978, 1))
(5185628, (1993, 1))
(4831420, (1989, 1))
(4336596, (1982, 1))
(3160900, (1964, 1))
(5040508, (1991, 1))
(3976588, (1976, 1))
(3970996, (1976, 1))
(4832220, (1989, 1))
(4924108, (1990, 1))
(4976932, (1990, 1))
(5197972, (1993, 1))
(4039652, (1977, 1))
(3621580, (1971, 1))
(3779844, (1973, 1))
(3995956, (1976, 1))
(5046780, (1991, 1))
(4514796, (1985, 1))
(3783868, (1974, 1))
(3615732, (1971, 1))
(5433308, (1995, 1))
(4750132, (1988, 1))
(3653460, (1972, 1))
(3669436, (1972, 1))
(4830204, (1989, 1))
(5597804, (1997, 1))
(4101988, (1978, 1))
(5475332, (1995, 1))
(4496556, (1985, 1))
(5102604, (1992, 1))
(5435908, (1995, 1))
(3882548, (1975, 1))
(5187676, (1993, 1))
(4360804, (1982, 1))
(4264580, (1981, 1))
(3899188, (1975, 1))
(4946436, (1990, 1))
(3342780, (1967, 1))
(4078620, (1978, 1))
(4691740, (1987, 1))
(5699212, (1997, 1))
(4631588, (1986, 1))
(4712908, (1987, 1))
(5337044, (1994, 1))
(3754844, (1973, 1))
(4420652, (1983, 1))
(4650500, (1987, 1))
(5365804, (1994, 1))
(4705332, (1987, 1))
(4670668, (1987, 1))
(5278900, (1994, 1))
(3740732, (1973, 1))
(4890140, (1989, 1))
(5565004, (1996, 1))
(5098852, (1992, 1))
(4954244, (1990, 1))
(4353092, (1982, 1))
(5262860, (1993, 1))
(5069900, (1991, 1))
(4299700, (1981, 1))
(4383788, (1983, 1))
(3853908, (1974, 1))
(5002868, (1991, 1))
(3419220, (1968, 1))
(5030692, (1991, 1))
(4238188, (1980, 1))
(5173092, (1992, 1))
(3929180, (1975, 1))
(4818604, (1989, 1))
(3187812, (1965, 1))
(4009516, (1977, 1))
(3090620, (1963, 1))
(4366740, (1983, 1))
(4613228, (1986, 1))
(3603972, (1971, 1))
(4426516, (1984, 1))
(5530740, (1996, 1))
(3243540, (1966, 1))
(3439740, (1969, 1))
(4246660, (1981, 1))
(3619044, (1971, 1))
(3149108, (1964, 1))
(5051244, (1991, 1))
(5186700, (1993, 1))
(4619412, (1986, 1))
(3598804, (1971, 1))
(3438940, (1969, 1))
(3860676, (1975, 1))
(3802268, (1974, 1))
(4633796, (1987, 1))
(4233556, (1980, 1))
(5017116, (1991, 1))
(4212620, (1980, 1))
(3587244, (1971, 1))
(4612724, (1986, 1))
(3976868, (1976, 1))
(3562716, (1971, 1))
(3283796, (1966, 1))
(3264372, (1966, 1))
(3736764, (1973, 1))
(4597244, (1986, 1))
(4323916, (1982, 1))
(4247196, (1981, 1))
(4421852, (1983, 1))
(4017348, (1977, 1))
(5007100, (1991, 1))
(5117236, (1992, 1))
(5095628, (1992, 1))
(4126492, (1978, 1))
(4535732, (1985, 1))
(4850892, (1989, 1))
(3384508, (1968, 1))
(4025356, (1977, 1))
(3927252, (1975, 1))
(3477268, (1969, 1))
(3918372, (1975, 1))
(3187932, (1965, 1))
(4522972, (1985, 1))
(3970732, (1976, 1))
(3894500, (1975, 1))
(4534028, (1985, 1))
(3516284, (1970, 1))
(3937180, (1976, 1))
(4727772, (1988, 1))
(4510228, (1985, 1))
(4811380, (1989, 1))
(3693812, (1972, 1))
(5398340, (1995, 1))
(4361428, (1982, 1))
(3677628, (1972, 1))
(4377852, (1983, 1))
(5426164, (1995, 1))
(3500740, (1970, 1))
(3755644, (1973, 1))
(4591372, (1986, 1))
(5104268, (1992, 1))
(5254404, (1993, 1))
(4509956, (1985, 1))
(4140404, (1979, 1))
(5270796, (1993, 1))
(3312100, (1967, 1))
(4399684, (1983, 1))
(3939500, (1976, 1))
(4298004, (1981, 1))
(4466516, (1984, 1))
(3993476, (1976, 1))
(3363436, (1968, 1))
(5100828, (1992, 1))
(4877804, (1989, 1))
(4215004, (1980, 1))
(4518388, (1985, 1))
(4867220, (1989, 1))
(5283500, (1994, 1))
(4939044, (1990, 1))
(3666652, (1972, 1))
(3668764, (1972, 1))
(4711748, (1987, 1))
(4690140, (1987, 1))
(5143972, (1992, 1))
(5170476, (1992, 1))
(3754972, (1973, 1))
(4173412, (1979, 1))
(3774604, (1973, 1))
(4948660, (1990, 1))
(3810612, (1974, 1))
(4169476, (1979, 1))
(3330612, (1967, 1))
(4115772, (1978, 1))
(3531828, (1970, 1))
(3430012, (1969, 1))
(3972420, (1976, 1))
(3760084, (1973, 1))
(4391356, (1983, 1))
(5754764, (1998, 1))
(4189516, (1980, 1))
(4824268, (1989, 1))
(5388932, (1995, 1))
(3349108, (1967, 1))
(5000532, (1991, 1))
(4258020, (1981, 1))
(4610684, (1986, 1))
(4992356, (1991, 1))
(4553276, (1985, 1))
(4736364, (1988, 1))
(3390460, (1968, 1))
(3555292, (1971, 1))
(4623820, (1986, 1))
(4896116, (1990, 1))
(4723108, (1988, 1))
(4833172, (1989, 1))
(3273796, (1966, 1))
(4640124, (1987, 1))
(4341244, (1982, 1))
(4962412, (1990, 1))
(5468628, (1995, 1))
(3730668, (1973, 1))
(4607412, (1986, 1))
(3538316, (1970, 1))
(3147156, (1964, 1))
(4668652, (1987, 1))
(4081220, (1978, 1))
(3486140, (1969, 1))
(4361628, (1982, 1))
(5350404, (1994, 1))
(4285052, (1981, 1))
(5449356, (1995, 1))
(3765668, (1973, 1))
(3612916, (1971, 1))
(3958740, (1976, 1))
(3939164, (1976, 1))
(3171228, (1965, 1))
(3131796, (1964, 1))
(3714476, (1973, 1))
(4772924, (1988, 1))
(5200988, (1993, 1))
(5517532, (1996, 1))
(5350836, (1994, 1))
(3946740, (1976, 1))
(4457916, (1984, 1))
(5309892, (1994, 1))
(4304148, (1981, 1))
(3333708, (1967, 1))
(4181396, (1980, 1))
(3148636, (1964, 1))
(4244940, (1981, 1))
(3999180, (1976, 1))
(5392244, (1995, 1))
(4833892, (1989, 1))
(3843540, (1974, 1))
(3279100, (1966, 1))
(5062484, (1991, 1))
(5408676, (1995, 1))
(4535772, (1985, 1))
(5130748, (1992, 1))
(4548068, (1985, 1))
(5328652, (1994, 1))
(4374868, (1983, 1))
(3846396, (1974, 1))
(4055924, (1977, 1))
(5225964, (1993, 1))
(4392940, (1983, 1))
(5596252, (1997, 1))
(3876972, (1975, 1))
(3730932, (1973, 1))
(4197628, (1980, 1))
(4890996, (1990, 1))
(5091924, (1992, 1))
(3522044, (1970, 1))
(4681340, (1987, 1))
(4924932, (1990, 1))
(5420308, (1995, 1))
(4260164, (1981, 1))
(4353964, (1982, 1))
(4752332, (1988, 1))
(4700708, (1987, 1))
(4932868, (1990, 1))
(4601364, (1986, 1))
(4823324, (1989, 1))
(4958468, (1990, 1))
(4220924, (1980, 1))
(4728348, (1988, 1))
(4754924, (1988, 1))
(4339340, (1982, 1))
(4298612, (1981, 1))
(5051940, (1991, 1))
(4690684, (1987, 1))
(4806412, (1989, 1))
(3140044, (1964, 1))
(5025372, (1991, 1))
(3987860, (1976, 1))
(4329004, (1982, 1))
(4795092, (1989, 1))
(3966788, (1976, 1))
(4588468, (1986, 1))
(4904508, (1990, 1))
(3358756, (1967, 1))
(4163260, (1979, 1))
(3964484, (1976, 1))
(3894540, (1975, 1))
(4771404, (1988, 1))
(4391876, (1983, 1))
(4968092, (1990, 1))
(3804756, (1974, 1))
(4254308, (1981, 1))
(3557820, (1971, 1))
(3630684, (1971, 1))
(5028868, (1991, 1))
(3248212, (1966, 1))
(3292772, (1966, 1))
(4116820, (1978, 1))
(5485500, (1996, 1))
(3180140, (1965, 1))
(4840444, (1989, 1))
(5661724, (1997, 1))
(3176052, (1965, 1))
(4136308, (1979, 1))
(3507412, (1970, 1))
(5067604, (1991, 1))
(3947796, (1976, 1))
(4171388, (1979, 1))
(3696340, (1972, 1))
(3318932, (1967, 1))
(4935300, (1990, 1))
(4620908, (1986, 1))
(3298956, (1967, 1))
(3700828, (1972, 1))
(4285060, (1981, 1))
(4777620, (1988, 1))
(5205956, (1993, 1))
(3389380, (1968, 1))
(4067812, (1978, 1))
(4505244, (1985, 1))
(3074588, (1963, 1))
(3264172, (1966, 1))
(4626084, (1986, 1))
(4825852, (1989, 1))
(3868956, (1975, 1))
(4961964, (1990, 1))
(4162036, (1979, 1))
(5309564, (1994, 1))
(4738740, (1988, 1))
(4223276, (1980, 1))
(3864908, (1975, 1))
(4180596, (1979, 1))
(4849340, (1989, 1))
(5176924, (1993, 1))
(5483668, (1996, 1))
(4390596, (1983, 1))
(4590884, (1986, 1))
(4713420, (1987, 1))
(3436236, (1969, 1))
(4681756, (1987, 1))
(3698548, (1972, 1))
(4693716, (1987, 1))
(3169572, (1965, 1))
(4024028, (1977, 1))
(5088748, (1992, 1))
(3897060, (1975, 1))
(4885116, (1989, 1))
(4642508, (1987, 1))
(4984556, (1991, 1))
(5195884, (1993, 1))
(4367580, (1983, 1))
(3597676, (1971, 1))
(4402652, (1983, 1))
(4413396, (1983, 1))
(5100956, (1992, 1))
(3122940, (1964, 1))
(5119028, (1992, 1))
(3760844, (1973, 1))
(5603284, (1997, 1))
(3839276, (1974, 1))
(3667348, (1972, 1))
(3833268, (1974, 1))
(3229452, (1966, 1))
(4074476, (1978, 1))
(5240324, (1993, 1))
(4380172, (1983, 1))
(5590124, (1996, 1))
(3964692, (1976, 1))
(3678164, (1972, 1))
(4085524, (1978, 1))
(4226348, (1980, 1))
(3902084, (1975, 1))
(4685444, (1987, 1))
(3723036, (1973, 1))
(4163028, (1979, 1))
(5207260, (1993, 1))
(4884260, (1989, 1))
(4970772, (1990, 1))
(4230364, (1980, 1))
(4343772, (1982, 1))
(3406228, (1968, 1))
(5476140, (1995, 1))
(5315092, (1994, 1))
(3837020, (1974, 1))
(5096116, (1992, 1))
(3938100, (1976, 1))
(4136740, (1979, 1))
(4758836, (1988, 1))
(3395388, (1968, 1))
(4421116, (1983, 1))
(3735068, (1973, 1))
(4761100, (1988, 1))
(4232828, (1980, 1))
(4685636, (1987, 1))
(3857684, (1974, 1))
(3535500, (1970, 1))
(5171132, (1992, 1))
(3983180, (1976, 1))
(4855932, (1989, 1))
(3423892, (1969, 1))
(4280148, (1981, 1))
(5165404, (1992, 1))
(4967396, (1990, 1))
(4471748, (1984, 1))
(4812636, (1989, 1))
(5133284, (1992, 1))
(3316348, (1967, 1))
(3575652, (1971, 1))
(4795716, (1989, 1))
(4090172, (1978, 1))
(4532140, (1985, 1))
(4810604, (1989, 1))
(4467220, (1984, 1))
(4014740, (1977, 1))
(5291892, (1994, 1))
(3535820, (1970, 1))
(3748500, (1973, 1))
(4462460, (1984, 1))
(5431500, (1995, 1))
(4280188, (1981, 1))
(3716996, (1973, 1))
(3526460, (1970, 1))
(5095404, (1992, 1))
(5543820, (1996, 1))
(3989396, (1976, 1))
(5113100, (1992, 1))
(4454724, (1984, 1))
(4379588, (1983, 1))
(3425804, (1969, 1))
(3732548, (1973, 1))
(5078948, (1992, 1))
(3706524, (1972, 1))
(4005804, (1977, 1))
(5374972, (1994, 1))
(5188116, (1993, 1))
(3397708, (1968, 1))
(3411620, (1968, 1))
(4414164, (1983, 1))
(4514804, (1985, 1))
(4181948, (1980, 1))
(3108900, (1963, 1))
(3546716, (1970, 1))
(3999684, (1976, 1))
(3624140, (1971, 1))
(5024076, (1991, 1))
(4303756, (1981, 1))
(4089804, (1978, 1))
(4197004, (1980, 1))
(3830956, (1974, 1))
(3878868, (1975, 1))
(4413756, (1983, 1))
(3076772, (1963, 2))
(4853724, (1989, 1))
(4285412, (1981, 1))
(4859876, (1989, 1))
(5171868, (1992, 1))
(3378956, (1968, 1))
(4512764, (1985, 1))
(4462572, (1984, 1))
(5024244, (1991, 1))
(3954732, (1976, 1))
(3676148, (1972, 1))
(5481916, (1996, 1))
(5185868, (1993, 1))
(4914516, (1990, 1))
(3596228, (1971, 1))
(4612804, (1986, 1))
