(4595713, (1986, 1))
(5453809, (1995, 1))
(5523457, (1996, 1))
(5638153, (1997, 1))
(4774649, (1988, 1))
(4653329, (1987, 1))
(5307257, (1994, 1))
(4870161, (1989, 1))
(5259881, (1993, 1))
(4180529, (1979, 1))
(4692313, (1987, 1))
(4882457, (1989, 1))
(3169529, (1965, 1))
(5113241, (1992, 1))
(5087265, (1992, 1))
(3668601, (1972, 1))
(3979953, (1976, 1))
(3979953, (1976, 1))
(4710441, (1987, 1))
(3276665, (1966, 1))
(4138385, (1979, 1))
(5054513, (1991, 1))
(4399113, (1983, 1))
(3104825, (1963, 1))
(5182665, (1993, 1))
(3169121, (1965, 1))
(3811393, (1974, 1))
(4401689, (1983, 1))
(4136777, (1979, 1))
(3455329, (1969, 1))
(5191753, (1993, 1))
(3254025, (1966, 1))
(3576113, (1971, 1))
(4196433, (1980, 1))
(3831233, (1974, 1))
(4924409, (1990, 1))
(5462609, (1995, 1))
(3806905, (1974, 1))
(3842137, (1974, 1))
(4684497, (1987, 1))
(4729097, (1988, 1))
(3455073, (1969, 1))
(3501305, (1970, 1))
(4602289, (1986, 1))
(3703825, (1972, 1))
(3975273, (1976, 1))
(4077761, (1978, 1))
(4624281, (1986, 1))
(3393649, (1968, 1))
(3309785, (1967, 1))
(3955185, (1976, 1))
(3330409, (1967, 1))
(3342457, (1967, 1))
(4030161, (1977, 1))
(4673465, (1987, 1))
(4154465, (1979, 1))
(5530465, (1996, 1))
(3678337, (1972, 1))
(5013929, (1991, 2))
(4719297, (1988, 1))
(4935817, (1990, 1))
(3941537, (1976, 1))
(5120337, (1992, 1))
(4343657, (1982, 1))
(4098193, (1978, 1))
(4337201, (1982, 1))
(3916825, (1975, 1))
(4214937, (1980, 1))
(4137161, (1979, 1))
(5064417, (1991, 1))
(4962465, (1990, 1))
(4258913, (1981, 1))
(3531857, (1970, 1))
(4091249, (1978, 1))
(3158145, (1964, 1))
(4681897, (1987, 1))
(4341953, (1982, 1))
(4818777, (1989, 1))
(3969201, (1976, 1))
(5581513, (1996, 1))
(4436609, (1984, 1))
(5150905, (1992, 1))
(5293025, (1994, 1))
(3584193, (1971, 1))
(3125753, (1964, 1))
(4257825, (1981, 1))
(5214409, (1993, 1))
(4364193, (1982, 1))
(3233025, (1966, 1))
(5423313, (1995, 1))
(3654009, (1972, 1))
(5339793, (1994, 1))
(3287257, (1966, 1))
(4370657, (1983, 1))
(4054033, (1977, 1))
(3963601, (1976, 1))
(3954921, (1976, 1))
(5195969, (1993, 1))
(5018865, (1991, 1))
(3954945, (1976, 1))
(4707961, (1987, 1))
(3633393, (1972, 1))
(4959353, (1990, 1))
(3514113, (1970, 1))
(3649449, (1972, 1))
(4499497, (1985, 1))
(3666169, (1972, 1))
(5621681, (1997, 1))
(3850497, (1974, 1))
(3419521, (1968, 1))
(5221025, (1993, 1))
(4972809, (1990, 1))
(4328249, (1982, 1))
(4160897, (1979, 1))
(5269777, (1993, 1))
(5042121, (1991, 1))
(4643313, (1987, 1))
(3901481, (1975, 1))
(4345561, (1982, 1))
(4031121, (1977, 1))
(5638425, (1997, 1))
(5548553, (1996, 1))
(3241841, (1966, 1))
(4591905, (1986, 1))
(3202681, (1965, 1))
(3703081, (1972, 1))
(4011345, (1977, 1))
(4026673, (1977, 1))
(4267401, (1981, 1))
(5161601, (1992, 1))
(4720953, (1988, 1))
(3455793, (1969, 1))
(5417281, (1995, 1))
(3951129, (1976, 1))
(3660513, (1972, 1))
(5108409, (1992, 1))
(5001001, (1991, 1))
(3189073, (1965, 1))
(3184065, (1965, 1))
(4487441, (1984, 1))
(4049945, (1977, 1))
(3535409, (1970, 1))
(5299289, (1994, 1))
(3812409, (1974, 1))
(5816665, (1998, 1))
(4365009, (1982, 1))
(4482737, (1984, 1))
(3813729, (1974, 1))
(4491785, (1985, 1))
(3566993, (1971, 1))
(5311633, (1994, 1))
(5378409, (1995, 1))
(4663665, (1987, 1))
(4368897, (1983, 1))
(3695337, (1972, 1))
(4508577, (1985, 1))
(3574137, (1971, 1))
(4451073, (1984, 1))
(4000129, (1976, 1))
(3479081, (1969, 1))
(3473489, (1969, 1))
(4071489, (1978, 1))
(3426697, (1969, 1))
(3950313, (1976, 1))
(4700465, (1987, 1))
(5587281, (1996, 1))
(4139409, (1979, 1))
(4198409, (1980, 1))
(4979249, (1990, 1))
(4644249, (1987, 1))
(4141193, (1979, 1))
(3330457, (1967, 1))
(4916441, (1990, 1))
(3393769, (1968, 1))
(4450665, (1984, 1))
(5472673, (1995, 1))
(4679257, (1987, 1))
(4134641, (1979, 1))
(4527249, (1985, 1))
(5058985, (1991, 1))
(4811705, (1989, 1))
(4454833, (1984, 1))
(3795033, (1974, 1))
(3926089, (1975, 1))
(3611065, (1971, 1))
(5379089, (1995, 1))
(4815033, (1989, 1))
(4663641, (1987, 1))
(3705697, (1972, 1))
(4110785, (1978, 1))
(4554145, (1985, 1))
(3084745, (1963, 1))
(4860113, (1989, 1))
(4239601, (1980, 1))
(5236553, (1993, 1))
(3112625, (1963, 1))
(4852177, (1989, 1))
(5441481, (1995, 1))
(5843017, (1998, 1))
(3784441, (1974, 1))
(5159385, (1992, 1))
(3989801, (1976, 1))
(3822449, (1974, 1))
(4366241, (1982, 1))
(4108257, (1978, 1))
(5303377, (1994, 1))
(3949033, (1976, 1))
(5098185, (1992, 1))
(3396977, (1968, 1))
(3531249, (1970, 1))
(5547049, (1996, 1))
(4833705, (1989, 1))
(5173753, (1992, 1))
(3209825, (1965, 1))
(4815361, (1989, 1))
(4627977, (1986, 1))
(5370625, (1994, 1))
(5071369, (1991, 1))
(3349241, (1967, 1))
(3326041, (1967, 1))
(5577241, (1996, 1))
(5182681, (1993, 1))
(3590777, (1971, 1))
(5457305, (1995, 1))
(3606953, (1971, 1))
(4085209, (1978, 1))
(4285977, (1981, 1))
(5175729, (1992, 1))
(3441193, (1969, 1))
(4863185, (1989, 1))
(4287273, (1981, 1))
(3623473, (1971, 1))
(4783601, (1988, 1))
(3878665, (1975, 1))
(4170297, (1979, 1))
(4386089, (1983, 1))
(3698609, (1972, 1))
(5185001, (1993, 1))
(3913289, (1975, 1))
(4217953, (1980, 1))
(3207753, (1965, 1))
(5403217, (1995, 1))
(4065721, (1977, 1))
(4106841, (1978, 1))
(4705041, (1987, 1))
(5299025, (1994, 1))
(4743777, (1988, 1))
(3804177, (1974, 1))
(4600361, (1986, 1))
(4173585, (1979, 1))
(5003881, (1991, 1))
(3579609, (1971, 1))
(4123401, (1978, 1))
(3570289, (1971, 1))
(4992009, (1991, 1))
(5102777, (1992, 1))
(4668489, (1987, 1))
(3251305, (1966, 1))
(5423737, (1995, 1))
(4201905, (1980, 1))
(5325145, (1994, 1))
(3148417, (1964, 1))
(4286825, (1981, 1))
(4085185, (1978, 1))
(4631177, (1986, 1))
(4991737, (1991, 1))
(3810657, (1974, 1))
(5356177, (1994, 1))
(3192873, (1965, 1))
(3123993, (1964, 1))
(5157529, (1992, 1))
(3891017, (1975, 1))
(4160161, (1979, 1))
(4276161, (1981, 1))
(4102313, (1978, 1))
(4193849, (1980, 1))
(3352689, (1967, 1))
(4455081, (1984, 1))
(4773809, (1988, 1))
(3549537, (1970, 1))
(4829569, (1989, 1))
(4463281, (1984, 1))
(4057049, (1977, 1))
(4132337, (1979, 1))
(3496017, (1970, 1))
(4358577, (1982, 1))
(4993481, (1991, 1))
(5155513, (1992, 1))
(4257737, (1981, 1))
(5396385, (1995, 1))
(4184993, (1980, 1))
(5175185, (1992, 1))
(4016833, (1977, 1))
(3515849, (1970, 1))
(4535073, (1985, 1))
(4168393, (1979, 1))
(5234993, (1993, 1))
(4765057, (1988, 1))
(4297425, (1981, 1))
(3989625, (1976, 1))
(5090009, (1992, 1))
(3462521, (1969, 1))
(4733665, (1988, 1))
(3994345, (1976, 1))
(4778561, (1988, 1))
(3827497, (1974, 1))
(4954873, (1990, 1))
(4947209, (1990, 1))
(4174689, (1979, 1))
(4000513, (1976, 1))
(3373689, (1968, 1))
(3527649, (1970, 1))
(3469441, (1969, 1))
(5450425, (1995, 1))
(4558017, (1985, 1))
(4134113, (1979, 1))
(4107585, (1978, 1))
(4850865, (1989, 1))
(5316489, (1994, 1))
(5477137, (1995, 1))
(3282009, (1966, 1))
(4601305, (1986, 1))
(4510489, (1985, 1))
(5109993, (1992, 1))
(3285793, (1966, 1))
(5224049, (1993, 1))
(4365105, (1982, 1))
(4882561, (1989, 1))
(3498793, (1970, 1))
(4201497, (1980, 1))
(4148017, (1979, 1))
(3924481, (1975, 1))
(5036097, (1991, 1))
(3106953, (1963, 1))
(4563769, (1986, 1))
(4575545, (1986, 1))
(4653889, (1987, 1))
(3842033, (1974, 1))
(5359113, (1994, 1))
(5066281, (1991, 1))
(4390369, (1983, 1))
(4752513, (1988, 1))
(3588937, (1971, 1))
(4993873, (1991, 1))
(4812449, (1989, 1))
(3531577, (1970, 1))
(5575513, (1996, 1))
(4809321, (1989, 1))
(5071777, (1991, 1))
(3994465, (1976, 1))
(3430769, (1969, 1))
(4568209, (1986, 1))
(3785577, (1974, 1))
(3283785, (1966, 1))
(5392049, (1995, 1))
(4835713, (1989, 1))
(3904369, (1975, 1))
(4738057, (1988, 1))
(3416153, (1968, 1))
(4002281, (1977, 1))
(5317497, (1994, 1))
(4446521, (1984, 1))
(4884337, (1989, 1))
(4643713, (1987, 1))
(3439425, (1969, 1))
(5262217, (1993, 1))
(4489553, (1984, 1))
(5426065, (1995, 1))
(4316609, (1982, 1))
(4416993, (1983, 1))
(3276353, (1966, 1))
(3497113, (1970, 1))
(3814297, (1974, 1))
(4672417, (1987, 1))
(3265033, (1966, 1))
(5853681, (1998, 1))
(4197297, (1980, 1))
(5143465, (1992, 1))
(4711025, (1987, 1))
(5437337, (1995, 1))
(4336561, (1982, 1))
(4403017, (1983, 1))
(4291513, (1981, 1))
(4933849, (1990, 1))
(4937897, (1990, 1))
(3318721, (1967, 1))
(3765249, (1973, 1))
(4819105, (1989, 1))
(4069129, (1978, 1))
(3599193, (1971, 1))
(3749769, (1973, 1))
(3972049, (1976, 1))
(5265417, (1993, 1))
(4392513, (1983, 1))
(4912633, (1990, 1))
(5395417, (1995, 1))
(3785393, (1974, 1))
(4732673, (1988, 1))
(5261121, (1993, 1))
(4520929, (1985, 1))
(3958721, (1976, 1))
(4569937, (1986, 1))
(5153769, (1992, 1))
(3454049, (1969, 1))
(4365713, (1982, 1))
(3392497, (1968, 1))
(5297129, (1994, 1))
(5104681, (1992, 1))
(4353097, (1982, 1))
(3809449, (1974, 1))
(5106681, (1992, 1))
(4134121, (1979, 1))
(5126913, (1992, 1))
(4067153, (1978, 1))
(3602409, (1971, 1))
(4365313, (1982, 1))
(4977633, (1990, 1))
(3915897, (1975, 1))
(5400105, (1995, 1))
(4317697, (1982, 1))
(3294217, (1966, 1))
(4508689, (1985, 1))
(3973977, (1976, 1))
(3382297, (1968, 1))
(3545321, (1970, 1))
(5176697, (1993, 1))
(3179553, (1965, 1))
(3983465, (1976, 1))
(4418737, (1983, 1))
(3882025, (1975, 1))
(4959761, (1990, 1))
(4518961, (1985, 1))
(4630201, (1986, 1))
(3885209, (1975, 1))
(5260345, (1993, 1))
(3537985, (1970, 1))
(4904393, (1990, 1))
(3194865, (1965, 1))
(3183681, (1965, 1))
(4750177, (1988, 1))
(4512841, (1985, 1))
(4011849, (1977, 1))
(5395537, (1995, 1))
(4750817, (1988, 1))
(4739257, (1988, 1))
(3949657, (1976, 1))
(3640417, (1972, 1))
(4188681, (1980, 1))
(4677137, (1987, 1))
(4040833, (1977, 1))
(4013161, (1977, 1))
(3575057, (1971, 1))
(5535545, (1996, 1))
(4188545, (1980, 1))
(4234353, (1980, 1))
(5084777, (1992, 1))
(5168721, (1992, 1))
(3367785, (1968, 1))
(4775033, (1988, 1))
(3799353, (1974, 1))
(4902281, (1990, 1))
(4142209, (1979, 1))
(4578761, (1986, 1))
(3694673, (1972, 1))
(4227265, (1980, 1))
(3726473, (1973, 1))
(5009585, (1991, 1))
(3665041, (1972, 1))
(3924561, (1975, 1))
(5082649, (1992, 1))
(3509401, (1970, 1))
(3146449, (1964, 1))
(4419513, (1983, 1))
(3284409, (1966, 2))
(3716977, (1973, 1))
(3919017, (1975, 1))
(4136113, (1979, 1))
(3834953, (1974, 1))
(4414665, (1983, 1))
(3599545, (1971, 1))
(4240649, (1980, 1))
(4457665, (1984, 1))
(5208785, (1993, 1))
(3435041, (1969, 1))
(4019401, (1977, 1))
(3415673, (1968, 1))
(3562785, (1971, 1))
(4075889, (1978, 1))
(5093777, (1992, 1))
(5776593, (1998, 1))
(4084209, (1978, 1))
(4250273, (1981, 1))
(4294729, (1981, 1))
(4349817, (1982, 1))
(4979345, (1990, 1))
(4039897, (1977, 1))
(4372745, (1983, 1))
(3559785, (1971, 1))
(4381921, (1983, 1))
(5090777, (1992, 1))
(4032721, (1977, 1))
(3808489, (1974, 1))
(3752121, (1973, 1))
(4955377, (1990, 1))
(3433745, (1969, 1))
(5524009, (1996, 1))
(4275449, (1981, 1))
(5200505, (1993, 1))
(4458809, (1984, 1))
(4164865, (1979, 1))
(4320713, (1982, 1))
(5219777, (1993, 1))
(3539841, (1970, 1))
(4435737, (1984, 1))
(4896009, (1990, 1))
(3267841, (1966, 1))
(4073777, (1978, 1))
(4814177, (1989, 1))
(3301257, (1967, 1))
(4955409, (1990, 1))
(3239881, (1966, 1))
(4585449, (1986, 1))
(3961337, (1976, 1))
(5327065, (1994, 1))
(4404505, (1983, 1))
(4943137, (1990, 1))
(4851305, (1989, 1))
(4191793, (1980, 1))
(3198249, (1965, 1))
(5198705, (1993, 1))
(4064561, (1977, 1))
(3870601, (1975, 1))
(3923257, (1975, 1))
(3947753, (1976, 1))
(4208465, (1980, 1))
(5074017, (1991, 1))
(4433217, (1984, 1))
(4713697, (1987, 1))
(4622481, (1986, 1))
(3411273, (1968, 1))
(5708825, (1998, 1))
(4630121, (1986, 1))
(3855697, (1974, 1))
(3240497, (1966, 1))
(4769337, (1988, 1))
(3679577, (1972, 1))
(4070097, (1978, 1))
(3469289, (1969, 1))
(5246881, (1993, 1))
(4040705, (1977, 1))
(5254033, (1993, 1))
(4398441, (1983, 1))
(4988105, (1991, 1))
(3862553, (1975, 1))
(4311473, (1982, 1))
(4347249, (1982, 1))
(4550057, (1985, 1))
(3512825, (1970, 1))
(3731689, (1973, 1))
(5098873, (1992, 1))
(3892921, (1975, 1))
(4306737, (1981, 1))
(4040065, (1977, 1))
(5514209, (1996, 1))
(4066881, (1978, 1))
(4664969, (1987, 1))
(4627849, (1986, 1))
(4309329, (1982, 1))
(4887969, (1989, 1))
(4613209, (1986, 1))
(4225945, (1980, 1))
(4297329, (1981, 1))
(4058521, (1977, 1))
(3108609, (1963, 1))
(5137521, (1992, 1))
(4115313, (1978, 1))
(3736993, (1973, 1))
(5110393, (1992, 1))
(4458297, (1984, 1))
(3673769, (1972, 1))
(4595953, (1986, 1))
(3339689, (1967, 1))
(3462577, (1969, 1))
(3592185, (1971, 1))
(4594729, (1986, 1))
(3513929, (1970, 1))
(3448249, (1969, 1))
(4319969, (1982, 1))
(3117953, (1964, 1))
(4404673, (1983, 1))
(3565521, (1971, 1))
(5117449, (1992, 1))
(3099249, (1963, 1))
(4291489, (1981, 1))
(3527809, (1970, 1))
(4937161, (1990, 1))
(5863305, (1999, 1))
(4285769, (1981, 1))
(5240417, (1993, 1))
(5129793, (1992, 1))
(4276473, (1981, 1))
(4576729, (1986, 1))
(4838257, (1989, 1))
(4396513, (1983, 1))
(3201201, (1965, 1))
(5153321, (1992, 1))
(4533353, (1985, 1))
(4739169, (1988, 1))
(4294329, (1981, 1))
(4329177, (1982, 1))
(3308425, (1967, 1))
(4812273, (1989, 1))
(5396145, (1995, 1))
(4016705, (1977, 1))
(4869033, (1989, 1))
(3352057, (1967, 1))
(3722441, (1973, 1))
(4649697, (1987, 1))
(3639137, (1972, 1))
(4874561, (1989, 2))
(5084673, (1992, 1))
(3600825, (1971, 1))
(5125089, (1992, 1))
(3122729, (1964, 1))
(4379905, (1983, 1))
(4410889, (1983, 1))
(3921641, (1975, 1))
(4808457, (1989, 1))
(4953441, (1990, 1))
(5109265, (1992, 1))
(3796025, (1974, 1))
(3972697, (1976, 1))
(3780121, (1973, 1))
(4387145, (1983, 1))
(4982305, (1991, 1))
(3815393, (1974, 1))
(4152497, (1979, 1))
(4215569, (1980, 1))
(3230641, (1966, 1))
(3581073, (1971, 1))
(4961833, (1990, 1))
(4405433, (1983, 1))
(5267993, (1993, 1))
(4445521, (1984, 1))
(4626785, (1986, 1))
(4031369, (1977, 1))
(5088817, (1992, 1))
(3336569, (1967, 1))
(3240201, (1966, 1))
(5223993, (1993, 1))
(4036729, (1977, 1))
(4050737, (1977, 1))
(3599937, (1971, 1))
(3907049, (1975, 1))
(3485281, (1969, 1))
(4105801, (1978, 1))
(3908345, (1975, 1))
(3833425, (1974, 1))
(4253849, (1981, 1))
(5163641, (1992, 1))
(4967353, (1990, 1))
(4537945, (1985, 1))
(5459873, (1995, 1))
(3622265, (1971, 1))
(3823201, (1974, 1))
(3262465, (1966, 1))
(5111385, (1992, 1))
(5075217, (1991, 1))
(3698281, (1972, 1))
(4108457, (1978, 1))
(4931417, (1990, 1))
(5006705, (1991, 1))
(5101497, (1992, 1))
(4888113, (1989, 1))
(3440729, (1969, 1))
(3458665, (1969, 1))
(5617273, (1997, 1))
(4542225, (1985, 1))
(4669057, (1987, 1))
(3713969, (1973, 1))
(5098497, (1992, 1))
(4028985, (1977, 1))
(3726273, (1973, 1))
(3849865, (1974, 1))
(3793233, (1974, 1))
(5098361, (1992, 1))
(4099977, (1978, 1))
(4486801, (1984, 1))
(4451489, (1984, 1))
(3385625, (1968, 1))
(4738713, (1988, 1))
(5264145, (1993, 1))
(3966625, (1976, 1))
(3240569, (1966, 1))
(5247601, (1993, 1))
(4583553, (1986, 1))
(4955817, (1990, 1))
(3826377, (1974, 1))
(5056113, (1991, 1))
(3275561, (1966, 1))
(4630881, (1986, 1))
(3838841, (1974, 1))
(3702193, (1972, 1))
(5138377, (1992, 1))
(4561049, (1985, 1))
(5361337, (1994, 1))
(5151953, (1992, 1))
(4034193, (1977, 1))
(4735289, (1988, 1))
(4204225, (1980, 1))
(5025257, (1991, 1))
(5366849, (1994, 1))
(3748129, (1973, 1))
(4846721, (1989, 1))
(5195465, (1993, 1))
(3186977, (1965, 1))
(4404609, (1983, 1))
(3739345, (1973, 1))
(5033441, (1991, 1))
(3979273, (1976, 1))
(4646521, (1987, 1))
(4290177, (1981, 1))
(4781785, (1988, 1))
(4057289, (1977, 1))
(4040513, (1977, 1))
(4254641, (1981, 1))
(3663585, (1972, 1))
(4592625, (1986, 1))
(4677585, (1987, 1))
(3665641, (1972, 1))
(5083361, (1992, 1))
(4007529, (1977, 1))
(5256945, (1993, 1))
(3938425, (1976, 1))
(3464953, (1969, 1))
(4229825, (1980, 1))
(4475193, (1984, 1))
(4623809, (1986, 1))
(4169473, (1979, 1))
(4694033, (1987, 1))
(5228073, (1993, 1))
(3936857, (1976, 1))
(5445249, (1995, 1))
(4671241, (1987, 1))
(4700921, (1987, 1))
(5577985, (1996, 1))
(5071769, (1991, 1))
(5320465, (1994, 1))
(5559777, (1996, 1))
(5488649, (1996, 1))
(3904473, (1975, 1))
(5678233, (1997, 1))
(5535513, (1996, 1))
(4034241, (1977, 1))
(4809489, (1989, 1))
(3677601, (1972, 1))
(5052193, (1991, 1))
(4982297, (1991, 1))
(3113265, (1963, 1))
(3680041, (1972, 1))
(3899185, (1975, 1))
(4481537, (1984, 1))
(4535889, (1985, 1))
(4714121, (1987, 1))
(4640569, (1987, 1))
(4170857, (1979, 1))
(4199753, (1980, 1))
(3151681, (1964, 1))
(4610225, (1986, 1))
(4050913, (1977, 1))
(4016545, (1977, 1))
(3125065, (1964, 1))
(3190865, (1965, 1))
(3779873, (1973, 1))
(3209553, (1965, 1))
(3452753, (1969, 1))
(5608761, (1997, 1))
(3989337, (1976, 1))
(4676305, (1987, 1))
(5270289, (1993, 1))
(4402977, (1983, 1))
(4437825, (1984, 1))
(3801969, (1974, 1))
(4401545, (1983, 1))
(4814689, (1989, 1))
(3112593, (1963, 1))
(5715817, (1998, 1))
(3911969, (1975, 1))
(4261025, (1981, 1))
(3692401, (1972, 1))
(3440601, (1969, 1))
(4100073, (1978, 1))
(5564281, (1996, 1))
(5251809, (1993, 1))
(4152017, (1979, 1))
(4312961, (1982, 1))
(4557305, (1985, 1))
(5303297, (1994, 1))
(4889145, (1989, 1))
(4835649, (1989, 1))
(3255569, (1966, 1))
(4005769, (1977, 1))
(4444593, (1984, 1))
(4739865, (1988, 1))
(4556689, (1985, 1))
(4283841, (1981, 1))
(4328441, (1982, 1))
(3611705, (1971, 1))
(5497017, (1996, 1))
(4201113, (1980, 1))
(4554649, (1985, 1))
(5085481, (1992, 1))
(5573489, (1996, 1))
(5590945, (1997, 1))
(4296185, (1981, 1))
(3583609, (1971, 1))
(4439977, (1984, 1))
(4194225, (1980, 1))
(4491225, (1985, 1))
(4707337, (1987, 1))
(4381881, (1983, 1))
(4264265, (1981, 1))
(4438169, (1984, 1))
(4874169, (1989, 1))
(3913145, (1975, 1))
(4304657, (1981, 1))
(4421569, (1983, 1))
(3349017, (1967, 1))
(3948593, (1976, 1))
(5026425, (1991, 1))
(4970641, (1990, 1))
(4837321, (1989, 1))
(5013809, (1991, 1))
(4522145, (1985, 1))
(3298689, (1967, 1))
(4583377, (1986, 1))
(3761601, (1973, 1))
(3493865, (1970, 1))
(3930105, (1975, 1))
(3733641, (1973, 1))
(5545945, (1996, 1))
(4975961, (1990, 1))
(4970369, (1990, 1))
(4014049, (1977, 1))
(3935705, (1976, 1))
(4337241, (1982, 1))
(3874129, (1975, 1))
(4878313, (1989, 1))
(5257201, (1993, 1))
(4223657, (1980, 1))
(3989497, (1976, 1))
(3968849, (1976, 1))
(5117809, (1992, 1))
