(4458903, (1984, 1))
(4227079, (1980, 1))
(5398639, (1995, 1))
(4974607, (1990, 1))
(4423167, (1983, 1))
(3997719, (1976, 1))
(4450311, (1984, 1))
(5553239, (1996, 1))
(5057199, (1991, 1))
(3706599, (1972, 1))
(5627935, (1997, 1))
(4280359, (1981, 1))
(4821023, (1989, 1))
(3520055, (1970, 1))
(4341335, (1982, 1))
(4257799, (1981, 1))
(3734735, (1973, 1))
(4915247, (1990, 1))
(3953807, (1976, 1))
(3818343, (1974, 1))
(4780447, (1988, 1))
(4485175, (1984, 1))
(4355111, (1982, 1))
(5580127, (1996, 1))
(4704319, (1987, 1))
(5570903, (1996, 1))
(4006031, (1977, 1))
(5433415, (1995, 1))
(5138303, (1992, 1))
(3955703, (1976, 1))
(5507767, (1996, 1))
(4381367, (1983, 1))
(3907271, (1975, 1))
(3919951, (1975, 1))
(5185871, (1993, 1))
(5245815, (1993, 1))
(4232087, (1980, 1))
(5881943, (1999, 1))
(3851351, (1974, 1))
(4953103, (1990, 1))
(4408271, (1983, 1))
(3710255, (1973, 1))
(3137631, (1964, 1))
(4704615, (1987, 1))
(4876391, (1989, 1))
(3713383, (1973, 1))
(4166279, (1979, 1))
(3701935, (1972, 1))
(3459295, (1969, 1))
(4735087, (1988, 1))
(4153663, (1979, 1))
(4132727, (1979, 1))
(4051847, (1977, 1))
(3909591, (1975, 1))
(3768439, (1973, 1))
(3533503, (1970, 1))
(4390575, (1983, 1))
(5316735, (1994, 1))
(5321991, (1994, 1))
(3686319, (1972, 1))
(4935815, (1990, 1))
(5202967, (1993, 1))
(4192399, (1980, 1))
(4408511, (1983, 1))
(4569231, (1986, 1))
(4224383, (1980, 1))
(4924343, (1990, 1))
(4450455, (1984, 1))
(4698359, (1987, 1))
(4636015, (1987, 1))
(4509855, (1985, 1))
(4984151, (1991, 1))
(3264679, (1966, 1))
(3211815, (1965, 1))
(5392071, (1995, 1))
(4066511, (1978, 1))
(3748015, (1973, 1))
(5275415, (1994, 1))
(4468047, (1984, 1))
(4169911, (1979, 1))
(4518655, (1985, 1))
(3877743, (1975, 1))
(3877743, (1975, 1))
(4002847, (1977, 1))
(5063327, (1991, 1))
(3328703, (1967, 1))
(4829375, (1989, 1))
(4890383, (1990, 1))
(4173647, (1979, 1))
(4611463, (1986, 1))
(3662023, (1972, 1))
(4774263, (1988, 1))
(4618447, (1986, 1))
(3960423, (1976, 1))
(4911319, (1990, 1))
(3466247, (1969, 1))
(5108431, (1992, 1))
(4484279, (1984, 1))
(4989151, (1991, 1))
(5418623, (1995, 1))
(3993831, (1976, 1))
(4470823, (1984, 1))
(4856047, (1989, 1))
(5200239, (1993, 1))
(3655927, (1972, 1))
(3291519, (1966, 1))
(4471039, (1984, 1))
(4556231, (1985, 1))
(4486631, (1984, 1))
(4750175, (1988, 1))
(3973495, (1976, 1))
(3224079, (1965, 1))
(4642767, (1987, 1))
(5386503, (1995, 1))
(3658295, (1972, 1))
(3849311, (1974, 1))
(4853375, (1989, 1))
(4034735, (1977, 1))
(5261583, (1993, 1))
(5308695, (1994, 1))
(3723311, (1973, 1))
(5617951, (1997, 1))
(4553159, (1985, 1))
(4315431, (1982, 1))
(4138375, (1979, 1))
(3416567, (1968, 1))
(4581679, (1986, 1))
(3791095, (1974, 1))
(4089599, (1978, 1))
(5237047, (1993, 1))
(5573639, (1996, 1))
(4817631, (1989, 1))
(3602751, (1971, 1))
(3109663, (1963, 1))
(4903103, (1990, 1))
(4958535, (1990, 1))
(5319735, (1994, 1))
(5353807, (1994, 1))
(5456207, (1995, 1))
(3902847, (1975, 1))
(3826127, (1974, 1))
(4307287, (1981, 1))
(3950175, (1976, 1))
(4025463, (1977, 1))
(3707535, (1972, 1))
(4196703, (1980, 1))
(5605215, (1997, 1))
(4535703, (1985, 1))
(5261671, (1993, 1))
(4835047, (1989, 1))
(5654895, (1997, 1))
(4207887, (1980, 1))
(3940151, (1976, 1))
(3848087, (1974, 1))
(4442487, (1984, 1))
(5444615, (1995, 1))
(4787823, (1988, 1))
(5116287, (1992, 1))
(4485759, (1984, 1))
(4278743, (1981, 1))
(4936071, (1990, 1))
(3783711, (1974, 1))
(5360735, (1994, 1))
(3878503, (1975, 1))
(4245191, (1981, 1))
(5176607, (1993, 1))
(3218847, (1965, 1))
(4329879, (1982, 1))
(4645279, (1987, 1))
(4413703, (1983, 1))
(4820543, (1989, 1))
(4502903, (1985, 1))
(4108711, (1978, 1))
(3528775, (1970, 1))
(4932263, (1990, 1))
(3157199, (1964, 1))
(4645295, (1987, 1))
(4119303, (1978, 1))
(4308887, (1982, 1))
(4958655, (1990, 1))
(4538807, (1985, 1))
(3447199, (1969, 1))
(3982503, (1976, 1))
(4956607, (1990, 1))
(4494175, (1985, 1))
(3848567, (1974, 1))
(4037231, (1977, 1))
(4399247, (1983, 1))
(4377031, (1983, 1))
(4202639, (1980, 1))
(4600015, (1986, 1))
(4948431, (1990, 1))
(4839895, (1989, 1))
(3940359, (1976, 1))
(3863639, (1975, 1))
(5234767, (1993, 1))
(4164791, (1979, 1))
(5163487, (1992, 1))
(4874503, (1989, 1))
(4196775, (1980, 1))
(4682215, (1987, 1))
(3802127, (1974, 1))
(4451895, (1984, 1))
(3858855, (1975, 1))
(4674031, (1987, 1))
(4337463, (1982, 1))
(3971575, (1976, 1))
(4106199, (1978, 1))
(4463359, (1984, 2))
(5345463, (1994, 1))
(5665279, (1997, 1))
(4401431, (1983, 1))
(5073415, (1991, 1))
(4181623, (1980, 1))
(3934735, (1976, 1))
(5050607, (1991, 1))
(4639255, (1987, 1))
(3155975, (1964, 1))
(4062639, (1977, 1))
(4674079, (1987, 1))
(4637183, (1987, 1))
(4987431, (1991, 1))
(4696583, (1987, 1))
(3753071, (1973, 1))
(3072095, (1963, 1))
(4439815, (1984, 1))
(3872439, (1975, 1))
(4622895, (1986, 1))
(4590471, (1986, 1))
(3433015, (1969, 1))
(4144199, (1979, 1))
(3203167, (1965, 1))
(4217407, (1980, 1))
(4266815, (1981, 1))
(3474791, (1969, 1))
(3176367, (1965, 1))
(4792903, (1988, 1))
(3919943, (1975, 1))
(3476087, (1969, 1))
(4696047, (1987, 1))
(4032767, (1977, 1))
(4471375, (1984, 1))
(4350287, (1982, 1))
(4447271, (1984, 1))
(5079503, (1992, 1))
(5507671, (1996, 1))
(5214735, (1993, 1))
(5218895, (1993, 1))
(5478159, (1995, 1))
(4698767, (1987, 1))
(4229727, (1980, 1))
(4739751, (1988, 1))
(5355423, (1994, 1))
(4270695, (1981, 1))
(4211815, (1980, 1))
(3723911, (1973, 1))
(5325423, (1994, 1))
(5220591, (1993, 1))
(4823671, (1989, 1))
(4757007, (1988, 1))
(4213183, (1980, 1))
(4104375, (1978, 1))
(3221719, (1965, 1))
(5708415, (1998, 1))
(3195191, (1965, 1))
(5134743, (1992, 1))
(3517063, (1970, 1))
(5639279, (1997, 1))
(5595927, (1997, 1))
(3197583, (1965, 1))
(4454151, (1984, 1))
(4511975, (1985, 1))
(4013471, (1977, 1))
(4582039, (1986, 1))
(5326959, (1994, 1))
(4702879, (1987, 1))
(4667263, (1987, 1))
(4571039, (1986, 1))
(4172231, (1979, 1))
(3885735, (1975, 1))
(3833287, (1974, 1))
(3472047, (1969, 1))
(4908335, (1990, 1))
(4497023, (1985, 1))
(3154615, (1964, 1))
(5111831, (1992, 1))
(5419807, (1995, 1))
(4350655, (1982, 1))
(5288799, (1994, 1))
(4546967, (1985, 1))
(4969439, (1990, 1))
(4356807, (1982, 1))
(4057207, (1977, 1))
(3721391, (1973, 1))
(4976327, (1990, 1))
(4561615, (1985, 1))
(4723967, (1988, 1))
(4865663, (1989, 1))
(4027135, (1977, 1))
(3817463, (1974, 1))
(3191375, (1965, 1))
(4263375, (1981, 1))
(3101407, (1963, 1))
(3570543, (1971, 1))
(4507551, (1985, 1))
(3762415, (1973, 1))
(4655847, (1987, 1))
(5040159, (1991, 1))
(3985991, (1976, 1))
(4171415, (1979, 1))
(3787951, (1974, 1))
(5270255, (1993, 1))
(4222903, (1980, 1))
(4295415, (1981, 1))
(4803711, (1989, 1))
(4795135, (1989, 1))
(5748983, (1998, 1))
(4281279, (1981, 1))
(3410695, (1968, 1))
(3711447, (1973, 1))
(5214991, (1993, 1))
(4855623, (1989, 1))
(5155943, (1992, 1))
(5133079, (1992, 1))
(4095791, (1978, 1))
(4707103, (1987, 1))
(3497303, (1970, 1))
(5215151, (1993, 1))
(4786983, (1988, 1))
(4966919, (1990, 1))
(4841447, (1989, 1))
(4082479, (1978, 1))
(4396463, (1983, 1))
(4743647, (1988, 1))
(3947319, (1976, 1))
(5624871, (1997, 1))
(4926943, (1990, 1))
(3896127, (1975, 1))
(3915207, (1975, 1))
(3537735, (1970, 1))
(3339295, (1967, 1))
(4124999, (1978, 1))
(3708727, (1973, 1))
(3876191, (1975, 1))
(3806031, (1974, 1))
(4439359, (1984, 1))
(5119815, (1992, 1))
(5430719, (1995, 1))
(3751879, (1973, 1))
(5419863, (1995, 1))
(5236879, (1993, 1))
(4578551, (1986, 1))
(5331807, (1994, 1))
(4411263, (1983, 1))
(4424551, (1984, 1))
(5765151, (1998, 1))
(4186599, (1980, 1))
(4215951, (1980, 1))
(4698991, (1987, 1))
(3734831, (1973, 1))
(4057975, (1977, 1))
(4643879, (1987, 1))
(3543679, (1970, 1))
(4430495, (1984, 1))
(4571319, (1986, 1))
(4928383, (1990, 1))
(4659087, (1987, 1))
(4545415, (1985, 1))
(5342359, (1994, 1))
(4519559, (1985, 1))
(4404111, (1983, 1))
(4540359, (1985, 1))
(3208087, (1965, 1))
(4507119, (1985, 1))
(4981663, (1991, 1))
(5765903, (1998, 1))
(3592031, (1971, 1))
(3476391, (1969, 1))
(4194335, (1980, 1))
(5212223, (1993, 1))
(4526175, (1985, 1))
(5288775, (1994, 1))
(5214551, (1993, 1))
(4463367, (1984, 1))
(4745015, (1988, 1))
(4713671, (1987, 1))
(4643199, (1987, 1))
(4350367, (1982, 1))
(4990383, (1991, 1))
(3527655, (1970, 1))
(4665431, (1987, 1))
(4744351, (1988, 1))
(4912063, (1990, 1))
(5312335, (1994, 1))
(3572119, (1971, 1))
(3693511, (1972, 1))
(3973655, (1976, 1))
(3555335, (1971, 1))
(4290151, (1981, 1))
(4259463, (1981, 1))
(4674511, (1987, 1))
(3132735, (1964, 1))
(4613535, (1986, 1))
(4127703, (1978, 1))
(3587191, (1971, 1))
(3128287, (1964, 1))
(5555999, (1996, 1))
(3826943, (1974, 1))
(5080039, (1992, 1))
(3147743, (1964, 1))
(3369127, (1968, 1))
(4285583, (1981, 1))
(4721647, (1988, 1))
(5573935, (1996, 1))
(4951991, (1990, 1))
(3938263, (1976, 1))
(3773431, (1973, 1))
(4838991, (1989, 1))
(4856319, (1989, 1))
(4710015, (1987, 1))
(4752383, (1988, 1))
(4086663, (1978, 1))
(4076551, (1978, 1))
(4766295, (1988, 1))
(3976023, (1976, 1))
(3797167, (1974, 1))
(5108399, (1992, 1))
(4289551, (1981, 1))
(3943447, (1976, 1))
(5036535, (1991, 1))
(3553455, (1971, 1))
(4371487, (1983, 1))
(3566871, (1971, 1))
(4834991, (1989, 1))
(4621351, (1986, 1))
(4560959, (1985, 1))
(3863047, (1975, 1))
(4519087, (1985, 1))
(4252719, (1981, 1))
(5188359, (1993, 1))
(3870615, (1975, 1))
(3291775, (1966, 1))
(4985911, (1991, 1))
(4752223, (1988, 1))
(4614071, (1986, 1))
(4095039, (1978, 1))
(3698967, (1972, 1))
(4115847, (1978, 1))
(4684871, (1987, 1))
(4631415, (1986, 1))
(4305079, (1981, 1))
(4676279, (1987, 1))
(4011087, (1977, 1))
(5267567, (1993, 1))
(4170063, (1979, 1))
(5186519, (1993, 1))
(4762615, (1988, 1))
(5140487, (1992, 1))
(4807183, (1989, 1))
(5487711, (1996, 1))
(3488039, (1970, 1))
(4943743, (1990, 1))
(4010895, (1977, 1))
(3213279, (1965, 1))
(3996775, (1976, 1))
(3410791, (1968, 1))
(4733087, (1988, 1))
(3232879, (1966, 1))
(3964023, (1976, 1))
(5643455, (1997, 1))
(4703975, (1987, 1))
(5317759, (1994, 1))
(4578079, (1986, 1))
(3842759, (1974, 1))
(3642503, (1972, 1))
(3154455, (1964, 1))
(5037199, (1991, 1))
(4798215, (1989, 1))
(3530663, (1970, 1))
(3474583, (1969, 1))
(3705711, (1972, 1))
(4881639, (1989, 1))
(4099231, (1978, 1))
(4099415, (1978, 1))
(5289127, (1994, 1))
(4837575, (1989, 1))
(3071639, (1963, 1))
(4008647, (1977, 1))
(4242607, (1980, 1))
(3710223, (1973, 1))
(5347191, (1994, 1))
(4817311, (1989, 1))
(4885687, (1989, 1))
(4629023, (1986, 1))
(3420703, (1969, 1))
(5063871, (1991, 1))
(4589879, (1986, 1))
(3827831, (1974, 1))
(5330471, (1994, 1))
(5419479, (1995, 1))
(3243207, (1966, 1))
(5267471, (1993, 1))
(5468663, (1995, 1))
(3477063, (1969, 1))
(4970359, (1990, 1))
(3878095, (1975, 1))
(4950839, (1990, 1))
(4094447, (1978, 1))
(5166951, (1992, 1))
(3708383, (1973, 1))
(3452119, (1969, 1))
(4972055, (1990, 1))
(4251855, (1981, 1))
(4416663, (1983, 1))
(4266599, (1981, 1))
(5096671, (1992, 1))
(3744527, (1973, 1))
(5125231, (1992, 1))
(4770807, (1988, 1))
(4531431, (1985, 1))
(4179479, (1979, 1))
(5590583, (1997, 1))
(4495911, (1985, 1))
(4681399, (1987, 1))
(3918063, (1975, 1))
(3927279, (1975, 1))
(4290911, (1981, 1))
(4628343, (1986, 1))
(4990191, (1991, 1))
(4813767, (1989, 1))
(4269303, (1981, 1))
(3853183, (1974, 1))
(4416255, (1983, 1))
(3816815, (1974, 1))
(5403455, (1995, 1))
(4412679, (1983, 1))
(3948759, (1976, 1))
(5631983, (1997, 1))
(4268271, (1981, 1))
(5453823, (1995, 1))
(3233607, (1966, 1))
(4732183, (1988, 1))
(4064815, (1977, 1))
(4452695, (1984, 1))
(3470519, (1969, 1))
(4320543, (1982, 1))
(3945911, (1976, 1))
(5205359, (1993, 1))
(4162855, (1979, 1))
(4287503, (1981, 1))
(4772743, (1988, 1))
(4295823, (1981, 1))
(4240687, (1980, 1))
(4192575, (1980, 1))
(4046159, (1977, 1))
(4468631, (1984, 1))
(4988215, (1991, 1))
(3382343, (1968, 1))
(4181215, (1980, 1))
(4071119, (1978, 1))
(5496127, (1996, 1))
(3246975, (1966, 1))
(4013383, (1977, 1))
(4995639, (1991, 1))
(5184847, (1993, 1))
(3715343, (1973, 1))
(5171047, (1992, 1))
(4169047, (1979, 1))
(3141631, (1964, 1))
(3296687, (1967, 1))
(4105567, (1978, 1))
(5314463, (1994, 1))
(4306535, (1981, 1))
(3861863, (1975, 1))
(3701999, (1972, 1))
(4335847, (1982, 1))
(3308911, (1967, 1))
(3604799, (1971, 1))
(5252951, (1993, 1))
(3100015, (1963, 1))
(3327351, (1967, 1))
(4191759, (1980, 1))
(3642943, (1972, 1))
(5006015, (1991, 1))
(3935567, (1976, 1))
(3988863, (1976, 1))
(3722223, (1973, 1))
(3838847, (1974, 1))
(5145991, (1992, 1))
(4246919, (1981, 1))
(3240567, (1966, 1))
(5387663, (1995, 1))
(3561223, (1971, 1))
(3089855, (1963, 1))
(4736407, (1988, 1))
(3627247, (1971, 1))
(4323175, (1982, 1))
(4875679, (1989, 1))
(5090647, (1992, 1))
(5062055, (1991, 1))
(5324831, (1994, 1))
(4804703, (1989, 1))
(3738183, (1973, 1))
(5049775, (1991, 1))
(4146719, (1979, 1))
(4033823, (1977, 1))
(3732919, (1973, 1))
(3993847, (1976, 1))
(3940255, (1976, 1))
(3697343, (1972, 1))
(4023743, (1977, 1))
(3484279, (1969, 1))
(3961959, (1976, 1))
(4157391, (1979, 1))
(5148103, (1992, 1))
(3213559, (1965, 1))
(4015567, (1977, 1))
(4611847, (1986, 1))
(4013823, (1977, 1))
(5003631, (1991, 1))
(5438935, (1995, 1))
(5010519, (1991, 1))
(4562511, (1985, 1))
(4582879, (1986, 1))
(4120839, (1978, 1))
(4346703, (1982, 1))
(3307879, (1967, 1))
(4736487, (1988, 1))
(3965519, (1976, 1))
(4776063, (1988, 1))
(4369671, (1983, 1))
(4361911, (1982, 1))
(5346799, (1994, 1))
(4112247, (1978, 1))
(3813823, (1974, 1))
(4560375, (1985, 1))
(5411639, (1995, 1))
(4685055, (1987, 1))
(3146495, (1964, 1))
(5447167, (1995, 1))
(3384191, (1968, 1))
(4701703, (1987, 1))
(3894871, (1975, 1))
(3323407, (1967, 1))
(4220679, (1980, 1))
(4050095, (1977, 1))
(3300311, (1967, 1))
(5104631, (1992, 1))
(4848647, (1989, 1))
(5025711, (1991, 1))
(4230687, (1980, 1))
(4544919, (1985, 1))
(5164439, (1992, 1))
(4484647, (1984, 1))
(4149279, (1979, 1))
(4074359, (1978, 1))
(4303111, (1981, 1))
(3981559, (1976, 1))
(5029071, (1991, 1))
(3886639, (1975, 1))
(3500807, (1970, 1))
(5056895, (1991, 1))
(4033415, (1977, 1))
(5090871, (1992, 1))
(3808847, (1974, 1))
(3956319, (1976, 1))
(4619839, (1986, 1))
(4158759, (1979, 1))
(4268895, (1981, 1))
(5366231, (1994, 1))
(3837511, (1974, 1))
(3812871, (1974, 1))
(4719191, (1988, 1))
(4634551, (1987, 1))
(4161103, (1979, 1))
(3087679, (1963, 1))
(4718167, (1988, 1))
(3360383, (1967, 1))
(4221199, (1980, 1))
(3827943, (1974, 1))
(4764951, (1988, 1))
(4077471, (1978, 1))
(4763239, (1988, 1))
(5229687, (1993, 1))
(5093927, (1992, 1))
(5297767, (1994, 1))
(4048495, (1977, 1))
(3672935, (1972, 1))
(3742631, (1973, 1))
(5183095, (1993, 1))
(4850623, (1989, 1))
(4814463, (1989, 1))
(5153903, (1992, 1))
(3781503, (1973, 1))
(4924871, (1990, 1))
(5418631, (1995, 1))
(3890207, (1975, 1))
(3938583, (1976, 1))
(3651215, (1972, 1))
(5142279, (1992, 1))
(4046055, (1977, 1))
(4271767, (1981, 1))
(4008527, (1977, 1))
(5114991, (1992, 1))
(4824215, (1989, 1))
(4393295, (1983, 1))
(5090519, (1992, 1))
(5406367, (1995, 1))
(4987271, (1991, 1))
(3501735, (1970, 1))
(3088327, (1963, 1))
(4352711, (1982, 1))
(3608823, (1971, 1))
(3563415, (1971, 1))
(3713991, (1973, 1))
(4517559, (1985, 1))
(5734687, (1998, 1))
(4638383, (1987, 1))
(3387607, (1968, 1))
(3517247, (1970, 1))
(3471215, (1969, 1))
(4882319, (1989, 1))
(4480711, (1984, 1))
(5247575, (1993, 1))
(4414071, (1983, 1))
(5265103, (1993, 1))
(4847639, (1989, 1))
(3470943, (1969, 1))
(3457999, (1969, 1))
(5204135, (1993, 1))
(4980999, (1991, 1))
(3792895, (1974, 1))
(4290655, (1981, 1))
(3695911, (1972, 1))
(5315199, (1994, 1))
(5270831, (1993, 1))
(4845495, (1989, 1))
(4527567, (1985, 1))
(5099255, (1992, 1))
(4572167, (1986, 1))
(4011599, (1977, 1))
(3672703, (1972, 1))
(4994815, (1991, 1))
(3619679, (1971, 1))
(3653383, (1972, 1))
(4574759, (1986, 1))
(4896999, (1990, 1))
(3422167, (1969, 1))
(3430159, (1969, 1))
(5287199, (1994, 1))
(4443551, (1984, 1))
(3433983, (1969, 1))
(4689815, (1987, 1))
(5229871, (1993, 1))
(3231519, (1966, 1))
(5179655, (1993, 1))
(4977455, (1990, 1))
(3655551, (1972, 1))
(4783575, (1988, 1))
(4546343, (1985, 1))
(3962503, (1976, 1))
(4811399, (1989, 1))
(4756599, (1988, 1))
(4935471, (1990, 1))
(4632863, (1986, 1))
(4310839, (1982, 1))
(4235015, (1980, 1))
(5108703, (1992, 1))
(3817415, (1974, 1))
(4933879, (1990, 1))
(4787463, (1988, 1))
(4363559, (1982, 1))
(4739999, (1988, 1))
(3660735, (1972, 1))
(3956551, (1976, 1))
(3689991, (1972, 1))
(5039415, (1991, 1))
(5140103, (1992, 1))
(5656399, (1997, 1))
(4130647, (1978, 1))
(4313095, (1982, 1))
(4205199, (1980, 1))
(3766439, (1973, 1))
(3408071, (1968, 1))
(4271967, (1981, 1))
(4379927, (1983, 1))
(3850047, (1974, 1))
(4063175, (1977, 1))
(3281783, (1966, 1))
(4581223, (1986, 1))
(3513911, (1970, 1))
(4739047, (1988, 1))
(3915447, (1975, 1))
(4252879, (1981, 1))
(3659631, (1972, 1))
(4191503, (1980, 1))
(4579127, (1986, 1))
(5074807, (1991, 1))
(3618111, (1971, 1))
(4808575, (1989, 1))
(4163407, (1979, 1))
(4217759, (1980, 1))
(4818823, (1989, 1))
(4547223, (1985, 1))
(4490951, (1985, 1))
(3307407, (1967, 1))
(5422367, (1995, 1))
(4655439, (1987, 1))
(4665191, (1987, 1))
(3506071, (1970, 1))
(3856871, (1974, 1))
(3926087, (1975, 1))
(5009391, (1991, 1))
(3325175, (1967, 1))
(4708255, (1987, 1))
(3327807, (1967, 1))
(4335943, (1982, 1))
(3997079, (1976, 1))
(4188095, (1980, 1))
(4697039, (1987, 1))
(4186023, (1980, 1))
(4722287, (1988, 1))
(4004167, (1977, 1))
(4820911, (1989, 1))
(3828327, (1974, 1))
(3552103, (1971, 1))
(5076599, (1991, 1))
(5274215, (1993, 1))
(4302775, (1981, 1))
(5140479, (1992, 1))
(5375103, (1994, 1))
(3930879, (1976, 1))
(3759775, (1973, 1))
(3881615, (1975, 1))
(5382079, (1995, 1))
(4136199, (1979, 1))
(5154087, (1992, 1))
(4362063, (1982, 1))
(4062455, (1977, 1))
(4143839, (1979, 1))
(4642759, (1987, 1))
(4258807, (1981, 1))
(5153951, (1992, 1))
(3676111, (1972, 1))
(4194575, (1980, 1))
(3840367, (1974, 1))
(4969751, (1990, 1))
(4288471, (1981, 1))
(5017151, (1991, 1))
(5012815, (1991, 1))
(4181983, (1980, 2))
(3688223, (1972, 1))
(4141383, (1979, 1))
(3152751, (1964, 1))
(3359111, (1967, 1))
(3262887, (1966, 1))
(4808063, (1989, 1))
(3866599, (1975, 1))
(4084391, (1978, 1))
(3898983, (1975, 1))
(5243559, (1993, 1))
(4514959, (1985, 1))
(4265063, (1981, 1))
(5322735, (1994, 1))
(4577631, (1986, 1))
(4757463, (1988, 1))
(4873191, (1989, 1))
(5048863, (1991, 1))
(3356671, (1967, 1))
(4467359, (1984, 1))
(5535439, (1996, 1))
(4573183, (1986, 1))
