(3469314, (1969, 1))
(4957754, (1990, 1))
(4123858, (1978, 1))
(4141066, (1979, 1))
(3605002, (1971, 1))
(4804610, (1989, 1))
(3691498, (1972, 1))
(4417554, (1983, 1))
(4456994, (1984, 1))
(4339834, (1982, 1))
(4053018, (1977, 1))
(4473634, (1984, 1))
(4728586, (1988, 1))
(4284762, (1981, 1))
(4014114, (1977, 1))
(3567178, (1971, 1))
(4377490, (1983, 1))
(5062698, (1991, 1))
(4476594, (1984, 1))
(3948594, (1976, 1))
(4375706, (1983, 1))
(3333490, (1967, 1))
(5083194, (1992, 1))
(5301258, (1994, 1))
(4174802, (1979, 1))
(3754050, (1973, 1))
(3467818, (1969, 1))
(3421786, (1969, 1))
(3692618, (1972, 1))
(4800866, (1989, 1))
(4595794, (1986, 1))
(3092538, (1963, 1))
(4387914, (1983, 1))
(4280506, (1981, 1))
(4710490, (1987, 1))
(3712698, (1973, 1))
(3323858, (1967, 1))
(4906474, (1990, 1))
(4937826, (1990, 1))
(4124778, (1978, 1))
(4543810, (1985, 1))
(5575698, (1996, 1))
(3341794, (1967, 1))
(5308530, (1994, 1))
(3893482, (1975, 1))
(4612218, (1986, 1))
(4932122, (1990, 1))
(5417322, (1995, 1))
(3189650, (1965, 1))
(4659330, (1987, 1))
(4946674, (1990, 1))
(5468018, (1995, 1))
(3889290, (1975, 1))
(4882266, (1989, 1))
(3712706, (1973, 1))
(3681682, (1972, 1))
(4999314, (1991, 1))
(4469410, (1984, 1))
(4932322, (1990, 1))
(4515994, (1985, 1))
(4759378, (1988, 1))
(5308442, (1994, 1))
(5085626, (1992, 1))
(3915730, (1975, 1))
(4488458, (1984, 1))
(4931754, (1990, 1))
(4647282, (1987, 1))
(4935858, (1990, 1))
(4744058, (1988, 1))
(3805322, (1974, 1))
(5330362, (1994, 1))
(4284602, (1981, 1))
(3437258, (1969, 1))
(3151258, (1964, 1))
(5242378, (1993, 1))
(5400770, (1995, 1))
(4272330, (1981, 1))
(4901922, (1990, 1))
(4235026, (1980, 1))
(3712986, (1973, 1))
(4911314, (1990, 1))
(4260938, (1981, 1))
(3902570, (1975, 1))
(4215002, (1980, 1))
(4946298, (1990, 1))
(5531722, (1996, 1))
(3852242, (1974, 1))
(4492258, (1985, 1))
(4735202, (1988, 1))
(4585618, (1986, 1))
(3088042, (1963, 1))
(3344618, (1967, 1))
(3186994, (1965, 1))
(4941122, (1990, 1))
(5236434, (1993, 1))
(4785394, (1988, 1))
(3114434, (1963, 1))
(4994042, (1991, 1))
(4716786, (1988, 1))
(4751842, (1988, 1))
(4391602, (1983, 1))
(3513106, (1970, 1))
(5321586, (1994, 1))
(4063490, (1977, 1))
(4943578, (1990, 1))
(3133666, (1964, 1))
(5517578, (1996, 1))
(3320698, (1967, 1))
(5325186, (1994, 1))
(3746066, (1973, 1))
(5326714, (1994, 1))
(4600418, (1986, 1))
(3858410, (1975, 1))
(4024602, (1977, 1))
(4404778, (1983, 1))
(4487898, (1984, 1))
(4263442, (1981, 1))
(4368826, (1983, 1))
(5497122, (1996, 1))
(4225138, (1980, 1))
(3799802, (1974, 1))
(3627306, (1971, 1))
(5756978, (1998, 1))
(4705066, (1987, 1))
(3490098, (1970, 1))
(5710834, (1998, 1))
(5270714, (1993, 1))
(4895034, (1990, 1))
(4573578, (1986, 1))
(3959106, (1976, 1))
(4279850, (1981, 1))
(5375242, (1994, 1))
(5087882, (1992, 1))
(3699018, (1972, 1))
(4122914, (1978, 1))
(3618130, (1971, 1))
(4654818, (1987, 1))
(5577042, (1996, 1))
(4401674, (1983, 1))
(3492514, (1970, 1))
(4158490, (1979, 1))
(5323098, (1994, 1))
(4094010, (1978, 1))
(5504530, (1996, 1))
(3154274, (1964, 1))
(4322642, (1982, 1))
(3676370, (1972, 1))
(4018538, (1977, 1))
(4145554, (1979, 1))
(4111490, (1978, 1))
(3916146, (1975, 1))
(5027394, (1991, 1))
(4272506, (1981, 1))
(5331274, (1994, 1))
(4360938, (1982, 1))
(3828106, (1974, 1))
(4880842, (1989, 1))
(4900346, (1990, 1))
(4166018, (1979, 1))
(3135034, (1964, 1))
(5352074, (1994, 1))
(5230986, (1993, 1))
(3383130, (1968, 1))
(3962946, (1976, 1))
(4304794, (1981, 1))
(4889026, (1989, 1))
(3491834, (1970, 1))
(4465042, (1984, 1))
(4123138, (1978, 1))
(4169426, (1979, 1))
(4023010, (1977, 1))
(4393370, (1983, 1))
(3383706, (1968, 1))
(5053378, (1991, 1))
(4686242, (1987, 1))
(4426546, (1984, 1))
(5290410, (1994, 1))
(4891482, (1990, 1))
(4803314, (1989, 1))
(4651442, (1987, 1))
(4177474, (1979, 1))
(3224162, (1965, 1))
(4250042, (1981, 1))
(4480074, (1984, 1))
(3805058, (1974, 1))
(4308410, (1981, 1))
(4121554, (1978, 1))
(4075970, (1978, 1))
(5245522, (1993, 1))
(4387274, (1983, 1))
(4071226, (1978, 1))
(4223394, (1980, 1))
(3917786, (1975, 1))
(3615202, (1971, 1))
(4512210, (1985, 1))
(5126618, (1992, 1))
(3514682, (1970, 1))
(3954426, (1976, 1))
(3865058, (1975, 1))
(3490882, (1970, 1))
(4563434, (1986, 1))
(3104554, (1963, 1))
(3208274, (1965, 1))
(3405706, (1968, 1))
(3543538, (1970, 1))
(3695674, (1972, 1))
(3786306, (1974, 1))
(3659394, (1972, 1))
(4455522, (1984, 1))
(5607930, (1997, 1))
(5435754, (1995, 1))
(5016010, (1991, 1))
(4239330, (1980, 1))
(5349890, (1994, 1))
(5034082, (1991, 1))
(4196026, (1980, 1))
(4209162, (1980, 1))
(4522274, (1985, 1))
(4061954, (1977, 1))
(4721506, (1988, 1))
(3551714, (1970, 1))
(4674066, (1987, 1))
(5420138, (1995, 1))
(4208642, (1980, 1))
(4911642, (1990, 1))
(4969474, (1990, 1))
(4507738, (1985, 1))
(5131282, (1992, 1))
(3832682, (1974, 1))
(4596258, (1986, 1))
(4976138, (1990, 1))
(3223762, (1965, 1))
(5018154, (1991, 1))
(5128626, (1992, 1))
(3347978, (1967, 1))
(4708914, (1987, 1))
(3630754, (1971, 1))
(4452034, (1984, 1))
(5308330, (1994, 1))
(4297274, (1981, 1))
(5499178, (1996, 1))
(3925018, (1975, 1))
(4239114, (1980, 1))
(4927426, (1990, 1))
(5052906, (1991, 1))
(4532802, (1985, 1))
(3114650, (1963, 1))
(5200458, (1993, 1))
(3173162, (1965, 1))
(3379522, (1968, 1))
(3881058, (1975, 1))
(5394362, (1995, 1))
(3775058, (1973, 1))
(3330626, (1967, 1))
(4439146, (1984, 1))
(3531394, (1970, 1))
(5052634, (1991, 1))
(4772442, (1988, 1))
(5434666, (1995, 1))
(4542906, (1985, 1))
(3658338, (1972, 1))
(4175434, (1979, 1))
(4645482, (1987, 1))
(5260050, (1993, 1))
(5773938, (1998, 1))
(5773954, (1998, 1))
(5036314, (1991, 1))
(3480186, (1969, 1))
(3229570, (1966, 1))
(4920426, (1990, 1))
(4399746, (1983, 1))
(4409994, (1983, 1))
(4826562, (1989, 1))
(4459402, (1984, 1))
(3565562, (1971, 1))
(3441298, (1969, 1))
(3357770, (1967, 1))
(3327082, (1967, 1))
(3784402, (1974, 1))
(4688538, (1987, 1))
(3359066, (1967, 1))
(3768090, (1973, 1))
(4779922, (1988, 1))
(3635122, (1972, 1))
(4207266, (1980, 1))
(4167730, (1979, 1))
(4619458, (1986, 1))
(3498666, (1970, 1))
(4668218, (1987, 1))
(4321394, (1982, 1))
(3977906, (1976, 1))
(5365314, (1994, 1))
(5031418, (1991, 1))
(4913850, (1990, 1))
(4209098, (1980, 1))
(3700250, (1972, 1))
(3496650, (1970, 1))
(5211658, (1993, 1))
(4306722, (1981, 1))
(4955050, (1990, 1))
(3702274, (1972, 1))
(4221650, (1980, 1))
(4412554, (1983, 1))
(5077666, (1991, 1))
(3343042, (1967, 1))
(3578586, (1971, 1))
(4196474, (1980, 1))
(3681770, (1972, 1))
(4670178, (1987, 1))
(4612618, (1986, 1))
(5203010, (1993, 1))
(4779106, (1988, 1))
(4243634, (1981, 1))
(4928250, (1990, 1))
(4920042, (1990, 1))
(4405714, (1983, 1))
(4408162, (1983, 1))
(4426482, (1984, 1))
(3126522, (1964, 1))
(5026554, (1991, 1))
(4759330, (1988, 1))
(4495146, (1985, 1))
(3548746, (1970, 1))
(3500802, (1970, 1))
(4296970, (1981, 1))
(4092650, (1978, 1))
(4409146, (1983, 1))
(4842626, (1989, 1))
(3656466, (1972, 1))
(4647490, (1987, 1))
(3709050, (1973, 1))
(4530034, (1985, 1))
(3986202, (1976, 1))
(4910930, (1990, 1))
(5693914, (1997, 1))
(4385210, (1983, 1))
(4004642, (1977, 1))
(4353090, (1982, 1))
(5062802, (1991, 1))
(3091130, (1963, 1))
(4375338, (1983, 1))
(3577650, (1971, 1))
(5027818, (1991, 1))
(4498226, (1985, 1))
(4154914, (1979, 1))
(5670562, (1997, 1))
(4381546, (1983, 1))
(4086514, (1978, 1))
(4291386, (1981, 1))
(4161562, (1979, 1))
(4941962, (1990, 1))
(4240194, (1980, 1))
(5096218, (1992, 1))
(5300874, (1994, 1))
(4618986, (1986, 1))
(3488586, (1970, 1))
(4748626, (1988, 1))
(3754466, (1973, 1))
(4899202, (1990, 1))
(3777362, (1973, 1))
(4728346, (1988, 1))
(3433610, (1969, 1))
(4734770, (1988, 1))
(4521194, (1985, 1))
(5659482, (1997, 1))
(4423482, (1983, 1))
(3317746, (1967, 1))
(4612962, (1986, 1))
(4304946, (1981, 1))
(3784818, (1974, 1))
(3087210, (1963, 1))
(4724554, (1988, 1))
(5208210, (1993, 1))
(4546018, (1985, 1))
(3879794, (1975, 1))
(3536450, (1970, 1))
(4749514, (1988, 1))
(4965626, (1990, 1))
(3734394, (1973, 1))
(3216154, (1965, 1))
(5241682, (1993, 1))
(4635114, (1987, 1))
(4353434, (1982, 1))
(4695026, (1987, 1))
(3087234, (1963, 1))
(4627322, (1986, 1))
(4946826, (1990, 1))
(3661658, (1972, 1))
(4899650, (1990, 1))
(3267010, (1966, 1))
(5015546, (1991, 1))
(4778898, (1988, 1))
(4863538, (1989, 1))
(3984146, (1976, 1))
(3971994, (1976, 1))
(4774202, (1988, 1))
(3458202, (1969, 1))
(3471802, (1969, 1))
(4285346, (1981, 1))
(5369354, (1994, 1))
(4178858, (1979, 1))
(3631994, (1972, 1))
(3283378, (1966, 1))
(4719578, (1988, 1))
(3701682, (1972, 1))
(5088994, (1992, 1))
(5131194, (1992, 1))
(3556170, (1971, 1))
(3709874, (1973, 1))
(4928786, (1990, 1))
(5473218, (1995, 1))
(4651042, (1987, 1))
(4824802, (1989, 1))
(3747850, (1973, 1))
(5360586, (1994, 1))
(3925850, (1975, 1))
(4099234, (1978, 1))
(4307922, (1981, 1))
(4253722, (1981, 1))
(5207178, (1993, 1))
(3421618, (1969, 1))
(5393370, (1995, 1))
(4773874, (1988, 1))
(3158522, (1964, 1))
(5289354, (1994, 1))
(4476394, (1984, 1))
(4008930, (1977, 1))
(3193498, (1965, 1))
(3924146, (1975, 1))
(4559850, (1985, 1))
(3657658, (1972, 1))
(4196178, (1980, 1))
(5478802, (1995, 1))
(4361202, (1982, 1))
(5055002, (1991, 1))
(5637698, (1997, 1))
(3109618, (1963, 1))
(4051962, (1977, 1))
(4921514, (1990, 1))
(4045194, (1977, 1))
(5652906, (1997, 1))
(4614082, (1986, 1))
(3544570, (1970, 1))
(4865042, (1989, 1))
(5287514, (1994, 1))
(3950266, (1976, 1))
(4066314, (1978, 1))
(4208506, (1980, 1))
(4197890, (1980, 1))
(4554602, (1985, 1))
(4451346, (1984, 1))
(4493674, (1985, 1))
(4683506, (1987, 1))
(5348618, (1994, 1))
(4369738, (1983, 1))
(4611930, (1986, 1))
(3785762, (1974, 1))
(5591578, (1997, 1))
(4978930, (1990, 1))
(4574250, (1986, 1))
(4852018, (1989, 1))
(3332274, (1967, 1))
(5137458, (1992, 1))
(3779642, (1973, 1))
(3935810, (1976, 1))
(5335730, (1994, 1))
(4578554, (1986, 1))
(3470394, (1969, 1))
(3473938, (1969, 1))
(4602218, (1986, 1))
(4551746, (1985, 1))
(4326026, (1982, 1))
(3603698, (1971, 1))
(4664394, (1987, 1))
(4777826, (1988, 1))
(3959202, (1976, 1))
(4416594, (1983, 1))
(4673074, (1987, 1))
(4628842, (1986, 1))
(3855122, (1974, 1))
(4257490, (1981, 1))
(5172314, (1992, 1))
(4820786, (1989, 1))
(4929722, (1990, 1))
(3871842, (1975, 1))
(5480170, (1996, 1))
(4330602, (1982, 1))
(5393698, (1995, 1))
(4144658, (1979, 1))
(5130122, (1992, 1))
(4841450, (1989, 1))
(3773554, (1973, 1))
(4350578, (1982, 1))
(4185210, (1980, 1))
(5158114, (1992, 1))
(4887402, (1989, 1))
(4270994, (1981, 1))
(5696866, (1997, 1))
(3941882, (1976, 1))
(5364866, (1994, 2))
(3477538, (1969, 1))
(3641194, (1972, 1))
(3402770, (1968, 1))
(5483146, (1996, 1))
(4168842, (1979, 1))
(4961066, (1990, 1))
(5496002, (1996, 1))
(3853322, (1974, 1))
(4821530, (1989, 1))
(4127170, (1978, 1))
(4696058, (1987, 1))
(4332690, (1982, 1))
(4012738, (1977, 1))
(3654370, (1972, 1))
(4932762, (1990, 1))
(4313890, (1982, 1))
(3429914, (1969, 1))
(5098890, (1992, 1))
(4311026, (1982, 1))
(5434530, (1995, 1))
(4396906, (1983, 1))
(4877050, (1989, 1))
(3765418, (1973, 1))
(4660082, (1987, 1))
(5675962, (1997, 1))
(3984570, (1976, 1))
(5569850, (1996, 1))
(4241610, (1980, 1))
(3797866, (1974, 1))
(5063634, (1991, 1))
(4246722, (1981, 1))
(3543690, (1970, 1))
(3089098, (1963, 1))
(5039306, (1991, 1))
(5007906, (1991, 1))
(4335578, (1982, 1))
(3738850, (1973, 1))
(3986642, (1976, 1))
(4334146, (1982, 1))
(4162778, (1979, 1))
(3311962, (1967, 1))
(5645178, (1997, 1))
(3094418, (1963, 1))
(3491042, (1970, 1))
(3622250, (1971, 1))
(3645098, (1972, 1))
(5109778, (1992, 1))
(3941610, (1976, 1))
(4096826, (1978, 1))
(3668178, (1972, 1))
(4488610, (1984, 1))
(4533530, (1985, 1))
(5008626, (1991, 1))
(3954538, (1976, 1))
(4171002, (1979, 1))
(5178682, (1993, 1))
(4497962, (1985, 1))
(3713018, (1973, 1))
(4539650, (1985, 1))
(4910810, (1990, 1))
(4863242, (1989, 1))
(4961154, (1990, 1))
(4649338, (1987, 1))
(3778490, (1973, 1))
(3845394, (1974, 1))
(4168562, (1979, 1))
(4637978, (1987, 1))
(4131130, (1978, 1))
(5165274, (1992, 1))
(4930042, (1990, 1))
(3933474, (1976, 1))
(4591986, (1986, 1))
(4179242, (1979, 1))
(4567378, (1986, 1))
(4567602, (1986, 1))
(4400026, (1983, 1))
(4701178, (1987, 1))
(4082994, (1978, 1))
(3701362, (1972, 1))
(4962562, (1990, 1))
(3915066, (1975, 1))
(4574090, (1986, 1))
(5032882, (1991, 1))
(4104194, (1978, 1))
(5328442, (1994, 1))
(3314554, (1967, 1))
(3480818, (1969, 1))
(5111114, (1992, 1))
(4951866, (1990, 1))
(4447082, (1984, 1))
(4401050, (1983, 1))
(4808018, (1989, 1))
(3880690, (1975, 1))
(4897378, (1990, 1))
(3253594, (1966, 1))
(3583794, (1971, 1))
(4069946, (1978, 1))
(5388298, (1995, 1))
(4355426, (1982, 1))
(3943458, (1976, 1))
(3801202, (1974, 1))
(4572290, (1986, 1))
(5502314, (1996, 1))
(5446490, (1995, 1))
(4929426, (1990, 1))
(3550578, (1970, 1))
(4025498, (1977, 1))
(4613498, (1986, 1))
(3826026, (1974, 1))
(5362610, (1994, 1))
(4233154, (1980, 1))
(3819002, (1974, 1))
(3745154, (1973, 1))
(3460874, (1969, 1))
(3882378, (1975, 1))
(4364090, (1982, 1))
(4001346, (1977, 1))
(5380546, (1995, 2))
(3368434, (1968, 1))
(3954066, (1976, 1))
(3816002, (1974, 1))
(3114610, (1963, 1))
(3839666, (1974, 1))
(5064090, (1991, 1))
(4844442, (1989, 1))
(4949482, (1990, 1))
(5555618, (1996, 1))
(5062346, (1991, 1))
(4769514, (1988, 1))
(3911082, (1975, 1))
(4904746, (1990, 1))
(4030498, (1977, 1))
(3629298, (1971, 1))
(4207514, (1980, 1))
(4408282, (1983, 1))
(4758962, (1988, 1))
(3352594, (1967, 1))
(3295466, (1967, 1))
(5461434, (1995, 1))
(4625994, (1986, 1))
(3903202, (1975, 1))
(3376578, (1968, 1))
(3806474, (1974, 1))
(4628282, (1986, 1))
(4735906, (1988, 1))
(5060506, (1991, 1))
(5806498, (1998, 1))
(4013842, (1977, 1))
(3968626, (1976, 1))
(4234930, (1980, 1))
(4007386, (1977, 1))
(5326074, (1994, 1))
(5326074, (1994, 1))
(3601890, (1971, 1))
(4990538, (1991, 1))
(3558498, (1971, 1))
(4853226, (1989, 1))
(5103874, (1992, 1))
(5261906, (1993, 1))
(4022706, (1977, 1))
(4797514, (1989, 1))
(5023818, (1991, 1))
(4775978, (1988, 1))
(3339770, (1967, 1))
(3623762, (1971, 1))
(4369322, (1983, 1))
(4347202, (1982, 1))
(4468706, (1984, 1))
(3360258, (1967, 1))
(3705938, (1972, 1))
(3849738, (1974, 2))
(3872842, (1975, 1))
(5542242, (1996, 1))
(4720146, (1988, 1))
(3885634, (1975, 1))
(3995770, (1976, 1))
(3974834, (1976, 1))
(5264618, (1993, 1))
(3139098, (1964, 1))
(3100498, (1963, 1))
(3791450, (1974, 1))
(4188082, (1980, 1))
(5326370, (1994, 1))
(4473890, (1984, 1))
(5058122, (1991, 1))
(4839146, (1989, 1))
(5666346, (1997, 1))
(4076378, (1978, 1))
(4533170, (1985, 1))
(3509810, (1970, 1))
(5237818, (1993, 1))
(5322322, (1994, 1))
(3996562, (1976, 1))
(4567042, (1986, 1))
(3567298, (1971, 1))
(4648506, (1987, 1))
(4614442, (1986, 1))
(5546338, (1996, 1))
(5026058, (1991, 1))
(4834714, (1989, 1))
(3503058, (1970, 1))
(4277826, (1981, 1))
(4368938, (1983, 1))
(5265770, (1993, 1))
(5404898, (1995, 1))
(3362378, (1968, 1))
(5528162, (1996, 1))
(3817618, (1974, 1))
(3470930, (1969, 1))
(5211514, (1993, 1))
(4439794, (1984, 1))
(3874394, (1975, 1))
(3615674, (1971, 1))
(4417426, (1983, 1))
(4900306, (1990, 1))
(3876450, (1975, 1))
(5065762, (1991, 1))
(4563706, (1986, 1))
(4916842, (1990, 1))
(4541714, (1985, 1))
(5570330, (1996, 1))
(4053194, (1977, 1))
(3274362, (1966, 1))
(4867690, (1989, 1))
(3330050, (1967, 1))
(3591810, (1971, 1))
(5691458, (1997, 1))
(4292546, (1981, 1))
(3774098, (1973, 1))
(5345434, (1994, 1))
(3343074, (1967, 1))
(4688642, (1987, 1))
(4697050, (1987, 1))
(3910514, (1975, 1))
(4708634, (1987, 1))
(4335266, (1982, 1))
(4069426, (1978, 1))
(5334034, (1994, 1))
(4116138, (1978, 1))
(3365170, (1968, 1))
(4816714, (1989, 1))
(4594290, (1986, 1))
(4550322, (1985, 1))
(5070402, (1991, 1))
(3642522, (1972, 1))
(4438706, (1984, 1))
(3278562, (1966, 1))
(5076666, (1991, 1))
(3766570, (1973, 1))
(4097994, (1978, 1))
(4097994, (1978, 1))
(4699842, (1987, 1))
(4155490, (1979, 1))
(4699282, (1987, 1))
(5041866, (1991, 1))
(3947858, (1976, 1))
(4716834, (1988, 1))
(5534074, (1996, 1))
(4732626, (1988, 1))
(4667290, (1987, 1))
(4823194, (1989, 1))
(3698394, (1972, 1))
(4639066, (1987, 1))
(4008802, (1977, 1))
(5051786, (1991, 1))
(3739634, (1973, 1))
(4310754, (1982, 1))
(3353306, (1967, 1))
(3350250, (1967, 1))
(3729362, (1973, 1))
(3828994, (1974, 1))
(3507706, (1970, 1))
(4665074, (1987, 1))
(3982002, (1976, 1))
(3911418, (1975, 3))
(3306794, (1967, 2))
(4557778, (1985, 1))
(5400322, (1995, 1))
(3975682, (1976, 1))
(4373650, (1983, 1))
(3716874, (1973, 1))
(3958066, (1976, 1))
(4799106, (1989, 1))
(3426754, (1969, 1))
(4515602, (1985, 1))
(3538210, (1970, 1))
(5117706, (1992, 1))
(4222746, (1980, 1))
(3900378, (1975, 1))
(3217394, (1965, 1))
(4828962, (1989, 1))
(3259642, (1966, 1))
(3800194, (1974, 1))
(4790642, (1988, 1))
(3923754, (1975, 1))
(3550514, (1970, 1))
(3292546, (1966, 1))
(5082930, (1992, 1))
(3767938, (1973, 1))
(4079418, (1978, 1))
(4299114, (1981, 1))
(5494594, (1996, 1))
(4786946, (1988, 1))
(5307114, (1994, 1))
(5138250, (1992, 1))
(4872026, (1989, 1))
(4134882, (1979, 1))
(4604290, (1986, 1))
(4005714, (1977, 1))
(3174978, (1965, 1))
(4310874, (1982, 1))
(4425018, (1984, 1))
(3499874, (1970, 1))
(3902626, (1975, 1))
(4012762, (1977, 1))
(3305322, (1967, 1))
(5073818, (1991, 1))
(5264834, (1993, 1))
(4792178, (1988, 1))
(3309802, (1967, 1))
(5158778, (1992, 1))
(4506746, (1985, 1))
(3720210, (1973, 1))
(4836330, (1989, 1))
(4677602, (1987, 1))
(4546434, (1985, 1))
(5109826, (1992, 1))
(5249218, (1993, 1))
(3452810, (1969, 1))
(4770114, (1988, 1))
(5623906, (1997, 1))
(5328786, (1994, 1))
(3631002, (1971, 1))
(5081602, (1992, 1))
(4475546, (1984, 1))
(4063082, (1977, 1))
(4067234, (1978, 1))
(4008458, (1977, 1))
(5468162, (1995, 1))
(4276954, (1981, 1))
(4143018, (1979, 1))
(3147762, (1964, 1))
(3934130, (1976, 1))
(4639346, (1987, 1))
(3575426, (1971, 1))
(4347834, (1982, 1))
(5105994, (1992, 1))
(4110762, (1978, 1))
(4598770, (1986, 1))
(5728194, (1998, 1))
(4512298, (1985, 1))
(5280530, (1994, 1))
(4358858, (1982, 1))
(4736970, (1988, 1))
(4885874, (1989, 1))
(3953026, (1976, 1))
(4224978, (1980, 1))
(5386362, (1995, 1))
(5582362, (1996, 1))
(3123162, (1964, 1))
(4234538, (1980, 1))
(3864570, (1975, 1))
(4632546, (1986, 1))
(3987602, (1976, 1))
(3629034, (1971, 1))
(3884354, (1975, 1))
(3912018, (1975, 1))
(4291482, (1981, 1))
(4613570, (1986, 1))
(5113842, (1992, 1))
(3093626, (1963, 1))
(5025794, (1991, 1))
(4073466, (1978, 1))
(3771218, (1973, 1))
(4090538, (1978, 1))
