(4638462, (1987, 1))
(3938190, (1976, 1))
(3354966, (1967, 1))
(3538950, (1970, 1))
(4991102, (1991, 1))
(5029902, (1991, 1))
(4592294, (1986, 1))
(3877510, (1975, 1))
(5250382, (1993, 1))
(3642030, (1972, 1))
(5083158, (1992, 1))
(4279958, (1981, 1))
(5050398, (1991, 1))
(4494502, (1985, 1))
(5285894, (1994, 1))
(4933670, (1990, 1))
(4651966, (1987, 1))
(4226630, (1980, 1))
(4311670, (1982, 1))
(4794414, (1988, 1))
(5594430, (1997, 1))
(4931934, (1990, 1))
(3893302, (1975, 1))
(3898814, (1975, 1))
(3887630, (1975, 1))
(3498574, (1970, 1))
(5472318, (1995, 1))
(4892902, (1990, 1))
(4731014, (1988, 1))
(4416182, (1983, 1))
(3948614, (1976, 1))
(5456518, (1995, 1))
(4662742, (1987, 1))
(4056142, (1977, 1))
(5765198, (1998, 1))
(4039366, (1977, 1))
(5539670, (1996, 1))
(3619854, (1971, 1))
(4061598, (1977, 1))
(3252638, (1966, 1))
(4800398, (1989, 1))
(4440158, (1984, 1))
(3341998, (1967, 1))
(5079350, (1992, 1))
(4189542, (1980, 1))
(5142630, (1992, 1))
(4719550, (1988, 1))
(5086582, (1992, 1))
(4333678, (1982, 1))
(4791974, (1988, 1))
(5607662, (1997, 1))
(4386142, (1983, 1))
(3677886, (1972, 1))
(4769910, (1988, 1))
(5569406, (1996, 1))
(3698662, (1972, 1))
(4737150, (1988, 1))
(4616214, (1986, 1))
(3659910, (1972, 1))
(4377550, (1983, 1))
(4482094, (1984, 1))
(4139150, (1979, 1))
(4201742, (1980, 1))
(3543910, (1970, 1))
(3246446, (1966, 1))
(5734550, (1998, 1))
(4046870, (1977, 1))
(4122158, (1978, 1))
(3594398, (1971, 1))
(4794518, (1988, 1))
(5628286, (1997, 1))
(3942190, (1976, 1))
(3737286, (1973, 1))
(5263526, (1993, 1))
(5361070, (1994, 1))
(3870894, (1975, 1))
(3684070, (1972, 1))
(5280598, (1994, 1))
(4647966, (1987, 1))
(4315318, (1982, 1))
(4745126, (1988, 1))
(4733942, (1988, 1))
(4901230, (1990, 1))
(4733118, (1988, 1))
(5167478, (1992, 1))
(3895494, (1975, 1))
(4002022, (1977, 1))
(4281942, (1981, 1))
(3637246, (1972, 1))
(3549390, (1970, 1))
(5732054, (1998, 1))
(3956990, (1976, 1))
(5236430, (1993, 1))
(3764438, (1973, 1))
(4206518, (1980, 1))
(4808822, (1989, 1))
(5003486, (1991, 1))
(5500966, (1996, 1))
(4562982, (1986, 1))
(4581606, (1986, 1))
(5001134, (1991, 1))
(4727806, (1988, 1))
(5231158, (1993, 1))
(3657582, (1972, 1))
(5144814, (1992, 1))
(4128094, (1978, 1))
(5492094, (1996, 1))
(5179638, (1993, 1))
(4826734, (1989, 1))
(4565110, (1986, 1))
(4366438, (1982, 1))
(4497662, (1985, 1))
(3319158, (1967, 1))
(3868934, (1975, 1))
(4626022, (1986, 1))
(3589622, (1971, 1))
(4593302, (1986, 1))
(4056694, (1977, 1))
(4622606, (1986, 1))
(5260006, (1993, 1))
(3541038, (1970, 1))
(4200726, (1980, 1))
(3356598, (1967, 1))
(4307518, (1981, 1))
(4882718, (1989, 1))
(4697870, (1987, 1))
(4254086, (1981, 1))
(4725030, (1988, 1))
(3288430, (1966, 1))
(5333590, (1994, 1))
(3594574, (1971, 1))
(3395886, (1968, 1))
(4382470, (1983, 1))
(4232086, (1980, 1))
(3680990, (1972, 1))
(4163894, (1979, 1))
(4588174, (1986, 1))
(3255806, (1966, 1))
(3611278, (1971, 1))
(4602174, (1986, 1))
(4282694, (1981, 1))
(3422582, (1969, 1))
(4135462, (1979, 1))
(3908166, (1975, 1))
(4161870, (1979, 1))
(4153534, (1979, 1))
(3155150, (1964, 1))
(5360038, (1994, 1))
(3606878, (1971, 1))
(4452750, (1984, 1))
(4739414, (1988, 1))
(3368326, (1968, 1))
(4451822, (1984, 1))
(3281926, (1966, 1))
(4546910, (1985, 1))
(4580030, (1986, 1))
(4539590, (1985, 1))
(5648110, (1997, 1))
(4063974, (1977, 1))
(3346790, (1967, 1))
(5155806, (1992, 2))
(4655182, (1987, 1))
(4610414, (1986, 1))
(3750158, (1973, 1))
(3750158, (1973, 1))
(4709366, (1987, 1))
(3867710, (1975, 1))
(3905910, (1975, 1))
(3888118, (1975, 1))
(5328478, (1994, 1))
(3844478, (1974, 1))
(4498742, (1985, 1))
(4696470, (1987, 1))
(4804998, (1989, 1))
(3855862, (1974, 1))
(4127118, (1978, 1))
(3993822, (1976, 1))
(4149990, (1979, 1))
(4582214, (1986, 1))
(4526830, (1985, 1))
(5224854, (1993, 1))
(3313230, (1967, 1))
(4731294, (1988, 1))
(5488710, (1996, 1))
(5282214, (1994, 1))
(4092502, (1978, 1))
(4741550, (1988, 1))
(4340662, (1982, 1))
(3600286, (1971, 1))
(4563734, (1986, 1))
(4754750, (1988, 1))
(4647326, (1987, 1))
(4979126, (1990, 1))
(4661662, (1987, 1))
(4766142, (1988, 1))
(3513590, (1970, 1))
(3873694, (1975, 1))
(5022150, (1991, 1))
(3952702, (1976, 1))
(4467150, (1984, 1))
(4242670, (1980, 1))
(3654734, (1972, 1))
(4663766, (1987, 1))
(5404526, (1995, 1))
(4546550, (1985, 1))
(4793350, (1988, 1))
(4529774, (1985, 1))
(3795422, (1974, 1))
(4713286, (1987, 1))
(3973366, (1976, 1))
(4874094, (1989, 1))
(5108198, (1992, 1))
(4307934, (1981, 1))
(4095982, (1978, 1))
(4649526, (1987, 1))
(4323822, (1982, 1))
(5539070, (1996, 1))
(4625726, (1986, 1))
(4653822, (1987, 1))
(4567542, (1986, 1))
(4061694, (1977, 1))
(4741318, (1988, 1))
(3773526, (1973, 1))
(3654150, (1972, 1))
(4651406, (1987, 1))
(4653582, (1987, 1))
(3519662, (1970, 1))
(3705086, (1972, 1))
(4439470, (1984, 1))
(4862486, (1989, 1))
(3457022, (1969, 1))
(4121118, (1978, 1))
(4162270, (1979, 1))
(5023990, (1991, 1))
(4991870, (1991, 1))
(5138982, (1992, 1))
(5079598, (1992, 1))
(4340534, (1982, 1))
(4352094, (1982, 1))
(3795510, (1974, 1))
(4177342, (1979, 1))
(4196846, (1980, 1))
(5003838, (1991, 1))
(4839590, (1989, 1))
(3883750, (1975, 1))
(3178822, (1965, 1))
(4138422, (1979, 1))
(4000326, (1976, 1))
(3097166, (1963, 1))
(3581654, (1971, 1))
(3182846, (1965, 1))
(3877214, (1975, 1))
(3267342, (1966, 1))
(3191382, (1965, 1))
(3523006, (1970, 1))
(3748870, (1973, 1))
(3694742, (1972, 1))
(4706910, (1987, 1))
(4851614, (1989, 1))
(4500582, (1985, 1))
(3986022, (1976, 1))
(5123558, (1992, 1))
(4896262, (1990, 1))
(5065326, (1991, 1))
(3868086, (1975, 1))
(4498878, (1985, 1))
(3879542, (1975, 1))
(4485406, (1984, 1))
(5315198, (1994, 1))
(3933886, (1976, 1))
(4558558, (1985, 1))
(5403286, (1995, 1))
(5178134, (1993, 1))
(5061254, (1991, 1))
(3247702, (1966, 1))
(5212814, (1993, 1))
(4827454, (1989, 1))
(4927838, (1990, 1))
(3687062, (1972, 1))
(3318694, (1967, 1))
(4033182, (1977, 1))
(4909894, (1990, 1))
(4484550, (1984, 1))
(4645542, (1987, 1))
(4443718, (1984, 1))
(4551342, (1985, 1))
(4089206, (1978, 1))
(4334366, (1982, 1))
(3893942, (1975, 1))
(5083598, (1992, 1))
(3848166, (1974, 1))
(3580998, (1971, 1))
(3841142, (1974, 1))
(4203198, (1980, 1))
(4035702, (1977, 1))
(4780742, (1988, 1))
(3985990, (1976, 1))
(4053710, (1977, 1))
(4886718, (1989, 1))
(3842302, (1974, 1))
(3953566, (1976, 1))
(5013966, (1991, 1))
(4995798, (1991, 1))
(4620278, (1986, 1))
(4825206, (1989, 2))
(4766430, (1988, 1))
(3904070, (1975, 1))
(5175118, (1992, 1))
(5051990, (1991, 1))
(4076262, (1978, 1))
(3625918, (1971, 1))
(5594726, (1997, 1))
(5434094, (1995, 1))
(3450110, (1969, 1))
(4849790, (1989, 1))
(4684534, (1987, 1))
(4929478, (1990, 1))
(4675726, (1987, 1))
(4979454, (1990, 1))
(5015038, (1991, 1))
(3705094, (1972, 1))
(5161430, (1992, 1))
(3701510, (1972, 1))
(4216766, (1980, 1))
(3522814, (1970, 1))
(3695734, (1972, 1))
(4164366, (1979, 1))
(4183214, (1980, 1))
(5184326, (1993, 2))
(3792686, (1974, 1))
(4954902, (1990, 1))
(3982310, (1976, 1))
(3647606, (1972, 1))
(4393758, (1983, 1))
(4519078, (1985, 1))
(4330790, (1982, 1))
(4626566, (1986, 1))
(4825894, (1989, 1))
(3784838, (1974, 1))
(3937070, (1976, 1))
(4423486, (1983, 1))
(3117934, (1964, 1))
(4767198, (1988, 1))
(4111158, (1978, 1))
(3923390, (1975, 1))
(5135166, (1992, 1))
(3824302, (1974, 1))
(3136822, (1964, 1))
(4700982, (1987, 1))
(4801350, (1989, 1))
(4524126, (1985, 1))
(4952190, (1990, 1))
(4541262, (1985, 1))
(4653454, (1987, 1))
(4466910, (1984, 1))
(5035798, (1991, 1))
(5333134, (1994, 1))
(4440918, (1984, 1))
(3807254, (1974, 1))
(4180830, (1979, 1))
(4150142, (1979, 1))
(4154214, (1979, 1))
(3784750, (1974, 1))
(4376950, (1983, 1))
(4797294, (1989, 1))
(3924142, (1975, 1))
(5385438, (1995, 1))
(4109566, (1978, 1))
(5073726, (1991, 1))
(3541878, (1970, 1))
(5126102, (1992, 1))
(3272806, (1966, 1))
(5186430, (1993, 1))
(3961582, (1976, 1))
(4057974, (1977, 1))
(5437590, (1995, 1))
(4344710, (1982, 1))
(3671478, (1972, 1))
(4354662, (1982, 1))
(5065614, (1991, 1))
(5638638, (1997, 1))
(5278614, (1994, 1))
(4530198, (1985, 1))
(4846694, (1989, 1))
(4459422, (1984, 1))
(4448070, (1984, 1))
(4275110, (1981, 1))
(5073854, (1991, 1))
(4871654, (1989, 1))
(3890574, (1975, 1))
(3625902, (1971, 1))
(5119750, (1992, 1))
(4374550, (1983, 1))
(5123910, (1992, 1))
(5041310, (1991, 1))
(3324854, (1967, 1))
(4642790, (1987, 1))
(3830718, (1974, 1))
(4639926, (1987, 1))
(4407038, (1983, 1))
(4295470, (1981, 1))
(3781110, (1973, 1))
(4350918, (1982, 1))
(4968902, (1990, 1))
(4701166, (1987, 1))
(4890750, (1990, 1))
(3650510, (1972, 1))
(4899214, (1990, 1))
(3612014, (1971, 1))
(5391318, (1995, 1))
(4072582, (1978, 1))
(5530590, (1996, 1))
(4222638, (1980, 1))
(4822214, (1989, 1))
(3332262, (1967, 1))
(3077094, (1963, 1))
(4013566, (1977, 1))
(3734510, (1973, 1))
(4668638, (1987, 1))
(3553094, (1971, 1))
(4095486, (1978, 1))
(3361782, (1968, 1))
(3661798, (1972, 1))
(4190246, (1980, 1))
(3073022, (1963, 1))
(4091158, (1978, 1))
(3137374, (1964, 1))
(4528982, (1985, 1))
(5010438, (1991, 1))
(4707374, (1987, 1))
(4762638, (1988, 1))
(4644566, (1987, 1))
(5111638, (1992, 1))
(3674286, (1972, 1))
(3580950, (1971, 1))
(5493670, (1996, 1))
(3466214, (1969, 1))
(5016622, (1991, 1))
(3695646, (1972, 1))
(3842942, (1974, 1))
(4852230, (1989, 1))
(5151782, (1992, 1))
(4187846, (1980, 1))
(4564014, (1986, 1))
(3521726, (1970, 1))
(5371742, (1994, 1))
(5332630, (1994, 1))
(4938286, (1990, 1))
(4524134, (1985, 1))
(4887614, (1989, 1))
(5380262, (1995, 1))
(4118302, (1978, 1))
(4129974, (1978, 1))
(4760646, (1988, 1))
(5028782, (1991, 1))
(4710854, (1987, 1))
(4017822, (1977, 1))
(3867206, (1975, 1))
(4359246, (1982, 1))
(4151582, (1979, 1))
(3821070, (1974, 1))
(5069910, (1991, 1))
(4621678, (1986, 1))
(4586870, (1986, 1))
(3462670, (1969, 1))
(4842590, (1989, 1))
(4751022, (1988, 1))
(4458190, (1984, 1))
(4880614, (1989, 1))
(3074918, (1963, 1))
(4476006, (1984, 1))
(4241942, (1980, 1))
(4670006, (1987, 1))
(5283734, (1994, 1))
(4924526, (1990, 1))
(4489406, (1984, 1))
(4164726, (1979, 1))
(5410270, (1995, 1))
(3984510, (1976, 1))
(4748902, (1988, 1))
(3399454, (1968, 1))
(4570646, (1986, 1))
(4527238, (1985, 1))
(5252534, (1993, 1))
(3174886, (1965, 1))
(4024942, (1977, 1))
(5831822, (1998, 1))
(3811182, (1974, 1))
(5039262, (1991, 1))
(4076774, (1978, 1))
(5219526, (1993, 1))
(4732070, (1988, 1))
(5267470, (1993, 1))
(4863070, (1989, 1))
(3545230, (1970, 1))
(4850862, (1989, 1))
(3167454, (1965, 1))
(4416030, (1983, 1))
(3859638, (1975, 1))
(4183046, (1980, 1))
(3847774, (1974, 1))
(4736190, (1988, 1))
(3443374, (1969, 1))
(3699926, (1972, 1))
(5483382, (1996, 1))
(4033734, (1977, 1))
(5163950, (1992, 1))
(3694198, (1972, 1))
(5070030, (1991, 1))
(5053678, (1991, 1))
(3217614, (1965, 1))
(3206358, (1965, 1))
(4299230, (1981, 1))
(4767734, (1988, 1))
(3455390, (1969, 1))
(3818718, (1974, 1))
(3433214, (1969, 1))
(3746342, (1973, 1))
(3781862, (1973, 1))
(5057566, (1991, 1))
(4017390, (1977, 1))
(4187390, (1980, 1))
(4781374, (1988, 1))
(5137278, (1992, 1))
(4181238, (1980, 1))
(4650886, (1987, 1))
(5051686, (1991, 1))
(4769022, (1988, 1))
(5496542, (1996, 1))
(3846958, (1974, 1))
(4535254, (1985, 1))
(3657942, (1972, 1))
(3708166, (1973, 1))
(4588198, (1986, 1))
(4952614, (1990, 1))
(4154998, (1979, 1))
(4377870, (1983, 1))
(4365518, (1982, 1))
(4354334, (1982, 1))
(3272238, (1966, 1))
(3773718, (1973, 1))
(4276182, (1981, 1))
(4326374, (1982, 1))
(4748846, (1988, 1))
(4257054, (1981, 1))
(3998606, (1976, 1))
(4817110, (1989, 1))
(5204734, (1993, 1))
(4112894, (1978, 1))
(4925318, (1990, 1))
(4439334, (1984, 1))
(3879966, (1975, 1))
(5028926, (1991, 1))
(4992302, (1991, 1))
(4961958, (1990, 1))
(3918966, (1975, 1))
(4150126, (1979, 1))
(4522206, (1985, 1))
(4582710, (1986, 1))
(4388774, (1983, 1))
(4342742, (1982, 1))
(3676198, (1972, 1))
(3582070, (1971, 1))
(4164206, (1979, 1))
(5047614, (1991, 1))
(4767942, (1988, 1))
(3979798, (1976, 1))
(4537502, (1985, 1))
(4136246, (1979, 1))
(4970374, (1990, 1))
(3408438, (1968, 1))
(3677510, (1972, 1))
(5496118, (1996, 1))
(4336974, (1982, 1))
(3872534, (1975, 1))
(5412238, (1995, 1))
(4377486, (1983, 1))
(3339606, (1967, 1))
(4155278, (1979, 1))
(4417622, (1983, 1))
(4715870, (1987, 1))
(5276478, (1994, 1))
(4378854, (1983, 1))
(4484454, (1984, 1))
(5552502, (1996, 1))
(5233174, (1993, 1))
(4668406, (1987, 1))
(4120294, (1978, 1))
(4353390, (1982, 1))
(5401822, (1995, 1))
(4794942, (1989, 1))
(5186934, (1993, 1))
(5231606, (1993, 1))
(3909702, (1975, 1))
(3403134, (1968, 1))
(3969310, (1976, 1))
(5126926, (1992, 1))
(5145494, (1992, 1))
(4545926, (1985, 1))
(4646286, (1987, 1))
(4047526, (1977, 1))
(3906798, (1975, 1))
(4220310, (1980, 1))
(4994150, (1991, 1))
(4382110, (1983, 1))
(4532534, (1985, 1))
(5527110, (1996, 1))
(4861350, (1989, 1))
(4668270, (1987, 1))
(3702798, (1972, 1))
(3681862, (1972, 1))
(4840574, (1989, 1))
(4300206, (1981, 1))
(3090606, (1963, 1))
(3779382, (1973, 1))
(5125022, (1992, 1))
(3954102, (1976, 1))
(3475366, (1969, 1))
(5248998, (1993, 1))
(3626430, (1971, 1))
(3476662, (1969, 1))
(4953302, (1990, 1))
(4955382, (1990, 1))
(3483078, (1969, 1))
(3705254, (1972, 1))
(3971558, (1976, 1))
(4268550, (1981, 1))
(4264582, (1981, 1))
(4902350, (1990, 1))
(4704934, (1987, 1))
(4879950, (1989, 1))
(4679126, (1987, 1))
(4902838, (1990, 1))
(5300214, (1994, 1))
(4720142, (1988, 1))
(3337414, (1967, 1))
(5387742, (1995, 1))
(3711870, (1973, 1))
(5109222, (1992, 1))
(4477366, (1984, 1))
(3855422, (1974, 1))
(4830702, (1989, 1))
(4982014, (1991, 1))
(3124086, (1964, 1))
(5096310, (1992, 1))
(3384822, (1968, 1))
(4845054, (1989, 1))
(5294998, (1994, 1))
(4395606, (1983, 1))
(5115398, (1992, 1))
(4719598, (1988, 1))
(4290142, (1981, 1))
(3086254, (1963, 1))
(5332494, (1994, 1))
(4211950, (1980, 1))
(4483846, (1984, 1))
(4297646, (1981, 1))
(3831318, (1974, 1))
(3278966, (1966, 1))
(3286558, (1966, 1))
(3575102, (1971, 1))
(4112726, (1978, 1))
(4636934, (1987, 1))
(4419110, (1983, 1))
(3843982, (1974, 1))
(4406854, (1983, 1))
(4316902, (1982, 1))
(4464174, (1984, 1))
(5039846, (1991, 1))
(4756766, (1988, 1))
(4942702, (1990, 1))
(4555358, (1985, 1))
(4179510, (1979, 1))
(5056486, (1991, 1))
(4886782, (1989, 1))
(4686934, (1987, 1))
(4081766, (1978, 1))
(3124798, (1964, 1))
(5056342, (1991, 1))
(4652982, (1987, 1))
(3161670, (1964, 1))
(3406766, (1968, 1))
(3798606, (1974, 1))
(4013230, (1977, 1))
(5305614, (1994, 1))
(3507798, (1970, 1))
(3378670, (1968, 1))
(4783870, (1988, 1))
(4513374, (1985, 1))
(4151910, (1979, 1))
(4732518, (1988, 1))
(4403974, (1983, 1))
(4516310, (1985, 1))
(3502582, (1970, 1))
(3919462, (1975, 1))
(5389934, (1995, 1))
(3342118, (1967, 1))
(3144638, (1964, 1))
(4697718, (1987, 1))
(3898390, (1975, 1))
(5049982, (1991, 1))
(4890902, (1990, 1))
(5224070, (1993, 1))
(3449254, (1969, 1))
(4607966, (1986, 1))
(3560318, (1971, 1))
(4377806, (1983, 1))
(4794686, (1989, 1))
(3986838, (1976, 1))
(4090478, (1978, 1))
(3737238, (1973, 1))
(4419542, (1983, 1))
(3114654, (1963, 1))
(5459662, (1995, 1))
(4505878, (1985, 1))
(3451710, (1969, 1))
(3627974, (1971, 1))
(4396710, (1983, 1))
(4223014, (1980, 1))
(4603566, (1986, 1))
(4572062, (1986, 1))
(3429206, (1969, 1))
(5006622, (1991, 1))
(5043894, (1991, 1))
(4370374, (1983, 1))
(4501182, (1985, 1))
(4815478, (1989, 1))
(3656078, (1972, 1))
(3217014, (1965, 1))
(5254854, (1993, 1))
(4247486, (1981, 1))
(4147438, (1979, 1))
(4028510, (1977, 1))
(3538638, (1970, 1))
(4410542, (1983, 1))
(4582046, (1986, 1))
(4952902, (1990, 1))
(4690894, (1987, 1))
(5148374, (1992, 1))
(4402870, (1983, 1))
(3816422, (1974, 1))
(3240510, (1966, 1))
(5371614, (1994, 1))
(4860198, (1989, 1))
(4374246, (1983, 1))
(5375102, (1994, 1))
(5606558, (1997, 1))
(3528910, (1970, 1))
(4791934, (1988, 1))
(4802294, (1989, 1))
(4708422, (1987, 1))
(4613886, (1986, 1))
(4308182, (1981, 1))
(4674870, (1987, 1))
(4328406, (1982, 1))
(3223302, (1965, 1))
(4934150, (1990, 1))
(4816990, (1989, 1))
(4400910, (1983, 1))
(3179326, (1965, 1))
(4467574, (1984, 1))
(4903214, (1990, 1))
(3542414, (1970, 1))
(4333006, (1982, 1))
(4632470, (1986, 1))
(3942518, (1976, 1))
(5367582, (1994, 1))
(5049470, (1991, 1))
(4458278, (1984, 1))
(4736422, (1988, 1))
(5170790, (1992, 1))
(4613934, (1986, 1))
(4177814, (1979, 1))
(5102390, (1992, 1))
(3509214, (1970, 1))
(4575030, (1986, 1))
(5054926, (1991, 1))
(5396518, (1995, 1))
(5132094, (1992, 1))
(4410614, (1983, 1))
(4826470, (1989, 1))
(5080374, (1992, 1))
(4214598, (1980, 1))
(3592030, (1971, 1))
(4743750, (1988, 1))
(4624246, (1986, 1))
(5478222, (1995, 1))
(4237534, (1980, 1))
(4972342, (1990, 1))
(3566222, (1971, 1))
(4900694, (1990, 1))
(5543958, (1996, 1))
(4110750, (1978, 1))
(4786014, (1988, 1))
(4046038, (1977, 1))
(4006766, (1977, 1))
(5171542, (1992, 1))
(4468710, (1984, 1))
(5029734, (1991, 1))
(4619294, (1986, 1))
(5547950, (1996, 1))
(4142958, (1979, 1))
(4415662, (1983, 1))
(3557278, (1971, 1))
(4528446, (1985, 1))
(3624822, (1971, 1))
(3942862, (1976, 1))
(4273270, (1981, 1))
(3723134, (1973, 1))
(4241046, (1980, 1))
(4175750, (1979, 1))
(4512870, (1985, 1))
(3627526, (1971, 1))
(3354198, (1967, 1))
(4122510, (1978, 1))
(3524278, (1970, 1))
(3312326, (1967, 1))
(3513110, (1970, 1))
(4020910, (1977, 1))
(3798902, (1974, 1))
(4667286, (1987, 1))
(3497630, (1970, 1))
(3791878, (1974, 1))
(4903574, (1990, 1))
(4449094, (1984, 1))
(3807134, (1974, 1))
(5649118, (1997, 1))
(4689742, (1987, 1))
(5470582, (1995, 1))
(4460454, (1984, 1))
(4608622, (1986, 1))
(3071918, (1963, 1))
(3292414, (1966, 1))
(3826022, (1974, 1))
(4641438, (1987, 1))
(4677558, (1987, 1))
(4804542, (1989, 1))
(3954678, (1976, 1))
(3956678, (1976, 1))
(4636822, (1987, 1))
(3961414, (1976, 1))
(4493262, (1985, 1))
(3562366, (1971, 1))
(5167454, (1992, 1))
(4228430, (1980, 1))
(4061142, (1977, 1))
(4067254, (1978, 1))
(5521526, (1996, 1))
(4298718, (1981, 1))
(5426566, (1995, 1))
(3481254, (1969, 1))
(4843494, (1989, 1))
(4285958, (1981, 1))
(5551006, (1996, 1))
(4069358, (1978, 1))
(4792038, (1988, 1))
(5015550, (1991, 1))
(4360182, (1982, 1))
(4413374, (1983, 1))
(4409870, (1983, 1))
(5468198, (1995, 1))
(5028950, (1991, 1))
(3702886, (1972, 1))
(4978686, (1990, 1))
