(4601859, (1986, 1))
(5338763, (1994, 1))
(4605963, (1986, 1))
(3709979, (1973, 1))
(5285907, (1994, 1))
(4999195, (1991, 1))
(5795811, (1998, 1))
(4524099, (1985, 1))
(3639331, (1972, 1))
(4279739, (1981, 1))
(4869851, (1989, 1))
(4586771, (1986, 1))
(4128811, (1978, 1))
(3233379, (1966, 1))
(4206035, (1980, 1))
(5289459, (1994, 1))
(3647539, (1972, 1))
(4554347, (1985, 1))
(5304379, (1994, 1))
(3236771, (1966, 1))
(4956099, (1990, 1))
(4995059, (1991, 1))
(4997739, (1991, 1))
(5124699, (1992, 1))
(4976707, (1990, 1))
(4813947, (1989, 1))
(4805339, (1989, 1))
(5251147, (1993, 1))
(4106675, (1978, 1))
(4182099, (1980, 1))
(5113523, (1992, 1))
(4229291, (1980, 1))
(4773083, (1988, 1))
(4087035, (1978, 1))
(4948755, (1990, 1))
(3148595, (1964, 1))
(4312899, (1982, 1))
(4479067, (1984, 1))
(4568019, (1986, 1))
(3351755, (1967, 1))
(3973219, (1976, 1))
(3416195, (1968, 1))
(5329427, (1994, 1))
(3883267, (1975, 1))
(3141435, (1964, 1))
(5128299, (1992, 1))
(4470195, (1984, 1))
(5394547, (1995, 1))
(3481723, (1969, 1))
(3853739, (1974, 1))
(4150731, (1979, 1))
(5026363, (1991, 1))
(4486507, (1984, 1))
(3329147, (1967, 1))
(5456243, (1995, 1))
(5507211, (1996, 1))
(3237251, (1966, 1))
(4157587, (1979, 1))
(3504851, (1970, 2))
(4794635, (1988, 1))
(4345635, (1982, 1))
(3594051, (1971, 1))
(3795099, (1974, 1))
(4550563, (1985, 1))
(3569787, (1971, 1))
(4240955, (1980, 1))
(4496355, (1985, 1))
(4429851, (1984, 1))
(4842091, (1989, 1))
(4845739, (1989, 1))
(5280627, (1994, 1))
(5224627, (1993, 1))
(4636627, (1987, 1))
(4847147, (1989, 1))
(3480643, (1969, 1))
(4403395, (1983, 1))
(5495483, (1996, 1))
(3862731, (1975, 1))
(5108939, (1992, 1))
(3276539, (1966, 1))
(4324387, (1982, 1))
(4343523, (1982, 1))
(3939123, (1976, 1))
(4064603, (1977, 1))
(4987099, (1991, 1))
(4188651, (1980, 1))
(4838419, (1989, 1))
(3408099, (1968, 1))
(3333819, (1967, 1))
(4039475, (1977, 1))
(4804867, (1989, 1))
(3735355, (1973, 1))
(3139939, (1964, 1))
(5550203, (1996, 1))
(3940283, (1976, 1))
(4096451, (1978, 1))
(4176115, (1979, 1))
(5347179, (1994, 1))
(4687571, (1987, 1))
(3870451, (1975, 1))
(4495123, (1985, 1))
(5310715, (1994, 1))
(3979155, (1976, 1))
(4800435, (1989, 1))
(3453587, (1969, 1))
(4158987, (1979, 1))
(3557635, (1971, 1))
(3521699, (1970, 1))
(4250915, (1981, 1))
(4768011, (1988, 1))
(4814211, (1989, 1))
(5081675, (1992, 1))
(3451867, (1969, 1))
(4882707, (1989, 1))
(4069515, (1978, 1))
(4582619, (1986, 1))
(5306651, (1994, 1))
(4146099, (1979, 1))
(4643859, (1987, 1))
(3770955, (1973, 1))
(4976347, (1990, 1))
(3220083, (1965, 1))
(5439787, (1995, 1))
(4431771, (1984, 1))
(4246707, (1981, 1))
(4227379, (1980, 1))
(5315723, (1994, 1))
(5375667, (1994, 1))
(4905275, (1990, 1))
(4029963, (1977, 1))
(3756635, (1973, 1))
(5716291, (1998, 1))
(3159787, (1964, 1))
(4480259, (1984, 1))
(4010323, (1977, 1))
(3550139, (1970, 1))
(4699099, (1987, 1))
(4888915, (1989, 1))
(4046467, (1977, 1))
(3420363, (1969, 1))
(3240395, (1966, 1))
(4560867, (1985, 1))
(4171811, (1979, 1))
(3713379, (1973, 1))
(3146899, (1964, 1))
(3282131, (1966, 1))
(5151987, (1992, 1))
(4601171, (1986, 1))
(5202283, (1993, 1))
(4527467, (1985, 1))
(5043147, (1991, 1))
(4719627, (1988, 1))
(3856427, (1974, 1))
(4833651, (1989, 1))
(3326595, (1967, 1))
(4156195, (1979, 1))
(3160443, (1964, 1))
(5091771, (1992, 1))
(4854723, (1989, 1))
(5282787, (1994, 1))
(4618811, (1986, 1))
(4480747, (1984, 1))
(3939707, (1976, 1))
(5173947, (1992, 1))
(4081763, (1978, 1))
(4823899, (1989, 1))
(4047243, (1977, 1))
(3573123, (1971, 1))
(4860307, (1989, 1))
(3815627, (1974, 1))
(5614355, (1997, 1))
(3087707, (1963, 1))
(5106075, (1992, 1))
(5435819, (1995, 1))
(4678643, (1987, 1))
(3953059, (1976, 1))
(3839155, (1974, 1))
(5183291, (1993, 1))
(5083563, (1992, 1))
(4600243, (1986, 1))
(4717379, (1988, 1))
(3346875, (1967, 1))
(5453099, (1995, 1))
(4741043, (1988, 1))
(4191579, (1980, 1))
(4522067, (1985, 1))
(5364163, (1994, 1))
(4576419, (1986, 1))
(5004483, (1991, 1))
(5320979, (1994, 1))
(3809195, (1974, 1))
(3490251, (1970, 1))
(4043675, (1977, 1))
(3543643, (1970, 1))
(4079739, (1978, 1))
(5035931, (1991, 1))
(3621331, (1971, 1))
(5434731, (1995, 1))
(5384667, (1995, 1))
(3618203, (1971, 1))
(3970979, (1976, 1))
(5083659, (1992, 1))
(3507827, (1970, 1))
(3865059, (1975, 1))
(4527251, (1985, 1))
(4796075, (1989, 1))
(5566315, (1996, 1))
(4655595, (1987, 1))
(4376659, (1983, 1))
(4801739, (1989, 1))
(5486355, (1996, 1))
(3402235, (1968, 1))
(4677555, (1987, 1))
(4086627, (1978, 1))
(5743107, (1998, 1))
(4339563, (1982, 1))
(4869867, (1989, 1))
(3212411, (1965, 2))
(4390179, (1983, 1))
(4425027, (1984, 1))
(5155339, (1992, 1))
(4857251, (1989, 1))
(3497939, (1970, 1))
(4084731, (1978, 1))
(4961435, (1990, 1))
(4375059, (1983, 1))
(3906195, (1975, 1))
(4791579, (1988, 1))
(3734099, (1973, 1))
(3993963, (1976, 1))
(4000851, (1977, 1))
(3478051, (1969, 1))
(3074147, (1963, 1))
(4020779, (1977, 1))
(4485651, (1984, 1))
(3838955, (1974, 1))
(5027251, (1991, 1))
(3458219, (1969, 1))
(3951819, (1976, 1))
(4325747, (1982, 1))
(4153915, (1979, 1))
(4008203, (1977, 1))
(3940499, (1976, 1))
(3934907, (1976, 1))
(4731563, (1988, 1))
(5209347, (1993, 1))
(4820291, (1989, 1))
(3904075, (1975, 1))
(4344419, (1982, 1))
(3582051, (1971, 1))
(4573355, (1986, 1))
(4411595, (1983, 1))
(4655771, (1987, 1))
(4772691, (1988, 1))
(5497435, (1996, 1))
(4691819, (1987, 1))
(4599747, (1986, 1))
(4511811, (1985, 1))
(4690363, (1987, 1))
(3482771, (1969, 1))
(4347219, (1982, 1))
(4719211, (1988, 1))
(4253723, (1981, 1))
(5206075, (1993, 1))
(3985171, (1976, 1))
(4514435, (1985, 1))
(5140379, (1992, 1))
(4054251, (1977, 1))
(4328059, (1982, 1))
(5250539, (1993, 1))
(3834483, (1974, 1))
(4639363, (1987, 1))
(4314827, (1982, 1))
(4160139, (1979, 1))
(4367747, (1983, 1))
(4346811, (1982, 1))
(4437443, (1984, 1))
(4488643, (1984, 1))
(4568427, (1986, 1))
(3851883, (1974, 1))
(4840275, (1989, 1))
(4688539, (1987, 1))
(4355699, (1982, 1))
(5503083, (1996, 1))
(5361699, (1994, 1))
(4456219, (1984, 1))
(3798899, (1974, 1))
(4487363, (1984, 1))
(4066947, (1978, 1))
(4047531, (1977, 1))
(3788699, (1974, 1))
(4990787, (1991, 1))
(4346403, (1982, 1))
(3548275, (1970, 1))
(4027043, (1977, 1))
(3316411, (1967, 1))
(4435283, (1984, 1))
(4465347, (1984, 1))
(5411483, (1995, 1))
(4231883, (1980, 1))
(3934707, (1976, 1))
(3576011, (1971, 1))
(5546579, (1996, 1))
(4741843, (1988, 1))
(3322515, (1967, 1))
(4188395, (1980, 1))
(5136507, (1992, 1))
(4046139, (1977, 1))
(3531483, (1970, 1))
(5162979, (1992, 1))
(3114587, (1963, 1))
(4313211, (1982, 1))
(4348539, (1982, 1))
(4861691, (1989, 1))
(4150547, (1979, 1))
(4850507, (1989, 1))
(5051115, (1991, 1))
(3742427, (1973, 1))
(4174955, (1979, 1))
(4455019, (1984, 1))
(3361251, (1968, 1))
(5476819, (1995, 1))
(4038251, (1977, 1))
(5363475, (1994, 1))
(5211467, (1993, 1))
(4518651, (1985, 1))
(3546539, (1970, 1))
(4402667, (1983, 1))
(3981683, (1976, 1))
(4797187, (1989, 1))
(4813955, (1989, 1))
(5039819, (1991, 1))
(4871035, (1989, 1))
(4219835, (1980, 1))
(5166595, (1992, 1))
(4487299, (1984, 1))
(4221131, (1980, 1))
(4083035, (1978, 1))
(3961627, (1976, 1))
(3256939, (1966, 1))
(4534763, (1985, 1))
(4201491, (1980, 1))
(4603643, (1986, 1))
(4361819, (1982, 1))
(3676963, (1972, 1))
(3296867, (1967, 1))
(4244659, (1981, 1))
(4364547, (1982, 1))
(5276459, (1994, 1))
(4952875, (1990, 1))
(4351931, (1982, 1))
(4139979, (1979, 1))
(4805091, (1989, 1))
(4876643, (1989, 1))
(3359539, (1967, 1))
(5598411, (1997, 1))
(4107067, (1978, 1))
(3994211, (1976, 1))
(3784203, (1974, 1))
(4187275, (1980, 1))
(5334699, (1994, 1))
(5326595, (1994, 1))
(5073739, (1991, 1))
(3475891, (1969, 1))
(4285987, (1981, 1))
(3990355, (1976, 1))
(3360027, (1967, 1))
(3581731, (1971, 1))
(3926875, (1975, 1))
(3830611, (1974, 1))
(3822531, (1974, 1))
(5165923, (1992, 1))
(3313787, (1967, 1))
(5098675, (1992, 1))
(4412627, (1983, 1))
(3726579, (1973, 1))
(4654859, (1987, 1))
(4733283, (1988, 1))
(3764155, (1973, 1))
(4529651, (1985, 1))
(4342907, (1982, 1))
(3950451, (1976, 1))
(4190355, (1980, 1))
(4466843, (1984, 1))
(3160283, (1964, 1))
(3840739, (1974, 1))
(4779635, (1988, 1))
(5215099, (1993, 1))
(4851875, (1989, 1))
(4125635, (1978, 1))
(4397011, (1983, 1))
(4890611, (1990, 1))
(3875715, (1975, 1))
(3579803, (1971, 1))
(4498691, (1985, 1))
(4936507, (1990, 1))
(5273939, (1993, 1))
(5143435, (1992, 1))
(3838331, (1974, 1))
(4243435, (1981, 1))
(5149779, (1992, 1))
(4795355, (1989, 1))
(4438611, (1984, 1))
(3795859, (1974, 1))
(4568947, (1986, 1))
(3433203, (1969, 1))
(4490139, (1984, 1))
(4110795, (1978, 1))
(4199995, (1980, 1))
(4031395, (1977, 1))
(4167875, (1979, 1))
(3371947, (1968, 1))
(4361619, (1982, 1))
(5303723, (1994, 1))
(4940259, (1990, 1))
(3941875, (1976, 1))
(5598299, (1997, 1))
(3384035, (1968, 1))
(4598715, (1986, 1))
(4484099, (1984, 1))
(4139971, (1979, 1))
(3584667, (1971, 1))
(3764499, (1973, 1))
(4007019, (1977, 1))
(5188555, (1993, 1))
(4060059, (1977, 1))
(4829715, (1989, 1))
(4209203, (1980, 1))
(3750051, (1973, 1))
(3870339, (1975, 1))
(3924691, (1975, 1))
(4040419, (1977, 1))
(5072219, (1991, 1))
(3838939, (1974, 1))
(5161059, (1992, 1))
(4716579, (1987, 1))
(4679451, (1987, 1))
(4690915, (1987, 1))
(3861747, (1975, 1))
(5363483, (1994, 1))
(3467099, (1969, 1))
(3953643, (1976, 2))
(3139331, (1964, 1))
(3271507, (1966, 1))
(4398379, (1983, 1))
(4205563, (1980, 1))
(4396947, (1983, 1))
(3761091, (1973, 1))
(5121915, (1992, 1))
(3412995, (1968, 1))
(3297203, (1967, 1))
(5333819, (1994, 1))
(5030923, (1991, 1))
(3328595, (1967, 1))
(4832275, (1989, 1))
(3266147, (1966, 1))
(3548867, (1970, 1))
(3703603, (1972, 1))
(4363123, (1982, 1))
(3583923, (1971, 1))
(4839947, (1989, 1))
(3329059, (1967, 1))
(4120347, (1978, 1))
(5293931, (1994, 1))
(3437611, (1969, 1))
(4263899, (1981, 1))
(5715443, (1998, 1))
(3589171, (1971, 1))
(4935899, (1990, 1))
(4022555, (1977, 1))
(4057571, (1977, 1))
(4418619, (1983, 1))
(5083611, (1992, 1))
(4508771, (1985, 1))
(4807747, (1989, 1))
(3845315, (1974, 1))
(4942923, (1990, 1))
(3857795, (1974, 1))
(5228459, (1993, 1))
(5373443, (1994, 1))
(4766563, (1988, 1))
(4823139, (1989, 1))
(3658979, (1972, 1))
(3175771, (1965, 1))
(4895835, (1990, 1))
(3866987, (1975, 1))
(3324915, (1967, 1))
(3924491, (1975, 1))
(3469451, (1969, 1))
(4222051, (1980, 1))
(3302547, (1967, 1))
(4607675, (1986, 1))
(4670571, (1987, 1))
(3935339, (1976, 1))
(3853227, (1974, 1))
(4172939, (1979, 1))
(4164131, (1979, 1))
(4576851, (1986, 2))
(3456115, (1969, 1))
(3819675, (1974, 1))
(4408067, (1983, 1))
(4713595, (1987, 1))
(5041059, (1991, 1))
(4937811, (1990, 1))
(3409027, (1968, 1))
(4064907, (1977, 1))
(3357923, (1967, 1))
(5479859, (1996, 1))
(4062043, (1977, 1))
(3511435, (1970, 1))
(3413571, (1968, 1))
(3622083, (1971, 1))
(3562715, (1971, 1))
(4449531, (1984, 1))
(3753731, (1973, 1))
(4581483, (1986, 1))
(5088115, (1992, 1))
(4406227, (1983, 1))
(4838563, (1989, 1))
(4282043, (1981, 1))
(4566187, (1986, 1))
(4535731, (1985, 1))
(5381299, (1995, 1))
(3290411, (1966, 1))
(3683515, (1972, 1))
(4381835, (1983, 1))
(5108643, (1992, 1))
(3719771, (1973, 1))
(3925195, (1975, 1))
(5266107, (1993, 1))
(4506755, (1985, 1))
(4674851, (1987, 1))
(3673291, (1972, 1))
(5062955, (1991, 1))
(4097507, (1978, 1))
(4182547, (1980, 1))
(5436627, (1995, 1))
(4100235, (1978, 1))
(3258019, (1966, 1))
(4105435, (1978, 1))
(4479403, (1984, 1))
(4770803, (1988, 1))
(4871187, (1989, 1))
(5127739, (1992, 1))
(5530707, (1996, 1))
(3998947, (1976, 1))
(3609227, (1971, 1))
(5036891, (1991, 1))
(4488427, (1984, 1))
(4513643, (1985, 1))
(4359411, (1982, 1))
(3992891, (1976, 1))
(4834555, (1989, 1))
(3762259, (1973, 1))
(4177155, (1979, 1))
(5038787, (1991, 1))
(4882811, (1989, 1))
(5186827, (1993, 1))
(3555763, (1971, 1))
(3328467, (1967, 1))
(4011907, (1977, 1))
(4338027, (1982, 1))
(4004627, (1977, 1))
(5037859, (1991, 1))
(5596995, (1997, 1))
(4488475, (1984, 1))
(5217691, (1993, 1))
(5308323, (1994, 1))
(5528595, (1996, 1))
(4802107, (1989, 1))
(4529371, (1985, 1))
(4314227, (1982, 3))
(4443747, (1984, 1))
(4737867, (1988, 1))
(4957483, (1990, 1))
(4420707, (1983, 1))
(3894219, (1975, 1))
(4431411, (1984, 1))
(4157659, (1979, 1))
(4739315, (1988, 1))
(3853643, (1974, 1))
(3958075, (1976, 1))
(3827115, (1974, 1))
(3845187, (1974, 1))
(4544395, (1985, 1))
(3728027, (1973, 1))
(4044147, (1977, 1))
(5676467, (1997, 1))
(3886411, (1975, 1))
(3835299, (1974, 1))
(5344483, (1994, 1))
(3705523, (1972, 1))
(3730779, (1973, 1))
(4805587, (1989, 1))
(3352611, (1967, 1))
(4754787, (1988, 1))
(4357395, (1982, 1))
(5414251, (1995, 1))
(5046659, (1991, 1))
(4551627, (1985, 1))
(4247611, (1981, 1))
(3304819, (1967, 1))
(5630531, (1997, 1))
(4441355, (1984, 1))
(4179323, (1979, 1))
(5114787, (1992, 1))
(3953211, (1976, 1))
(4814931, (1989, 1))
(4567275, (1986, 1))
(3402395, (1968, 1))
(3765611, (1973, 1))
(4733819, (1988, 1))
(4424443, (1984, 1))
(4234635, (1980, 1))
(4835731, (1989, 1))
(3385723, (1968, 1))
(3720595, (1973, 1))
(5180051, (1993, 1))
(4856531, (1989, 1))
(3530467, (1970, 1))
(3100971, (1963, 1))
(4926075, (1990, 1))
(5285275, (1994, 1))
(4042139, (1977, 1))
(4067235, (1978, 1))
(4789147, (1988, 1))
(3141275, (1964, 1))
(3641987, (1972, 1))
(4801963, (1989, 1))
(4483979, (1984, 1))
(4824307, (1989, 1))
(4853395, (1989, 1))
(5185235, (1993, 1))
(3891827, (1975, 1))
(4920467, (1990, 1))
(4482411, (1984, 1))
(4158891, (1979, 1))
(4349907, (1982, 1))
(4331195, (1982, 1))
(4338723, (1982, 1))
(5060035, (1991, 1))
(3902923, (1975, 1))
(4338587, (1982, 1))
(3560475, (1971, 1))
(4063827, (1977, 1))
(3655123, (1972, 1))
(4285915, (1981, 1))
(5002131, (1991, 1))
(3367891, (1968, 1))
(3597915, (1971, 1))
(4716003, (1987, 1))
(5416147, (1995, 1))
(5319923, (1994, 1))
(5001995, (1991, 1))
(4909931, (1990, 1))
(4965555, (1990, 1))
(3143155, (1964, 1))
(3610259, (1971, 1))
(4845419, (1989, 1))
(4466387, (1984, 1))
(3689979, (1972, 1))
(5150635, (1992, 1))
(4367163, (1983, 1))
(3579403, (1971, 1))
(3835851, (1974, 1))
(5599731, (1997, 1))
(5531499, (1996, 1))
(4040779, (1977, 1))
(4087315, (1978, 1))
(4165147, (1979, 1))
(3717563, (1973, 1))
(3931683, (1976, 1))
(4584299, (1986, 1))
(3820307, (1974, 1))
(3449251, (1969, 1))
(3630643, (1971, 1))
(4569347, (1986, 1))
(4684547, (1987, 1))
(3862075, (1975, 1))
(3744675, (1973, 1))
(3722307, (1973, 1))
(3583555, (1971, 1))
(5102723, (1992, 1))
(4695627, (1987, 1))
(5167211, (1992, 1))
(3664955, (1972, 1))
(5227107, (1993, 1))
(3222843, (1965, 1))
(3982939, (1976, 1))
(4557227, (1985, 1))
(4511195, (1985, 1))
(5216747, (1993, 1))
(3325955, (1967, 1))
(3380307, (1968, 1))
(4490851, (1984, 1))
(4009579, (1977, 1))
(4730315, (1988, 1))
(5021971, (1991, 1))
(3462347, (1969, 1))
(3513707, (1970, 1))
(4321659, (1982, 1))
(3591987, (1971, 1))
(4508531, (1985, 1))
(3752315, (1973, 1))
(3745291, (1973, 2))
(4747835, (1988, 1))
(4823123, (1989, 1))
(5327467, (1994, 1))
(4212363, (1980, 1))
(3102411, (1963, 1))
(4120203, (1978, 1))
(4510651, (1985, 1))
(5744275, (1998, 1))
(3967907, (1976, 1))
(5580027, (1996, 1))
(3704579, (1972, 1))
(4744859, (1988, 1))
(5557659, (1996, 1))
(4783707, (1988, 1))
(3923619, (1975, 1))
(5629611, (1997, 1))
(4615523, (1986, 1))
(4087595, (1978, 1))
(4384435, (1983, 1))
(4189451, (1980, 1))
(3949931, (1976, 1))
(4556139, (1985, 1))
(4982147, (1991, 1))
(3363875, (1968, 1))
(3932763, (1976, 1))
(4767427, (1988, 1))
(4362171, (1982, 1))
(4066563, (1978, 1))
(3587787, (1971, 1))
(4562283, (1985, 1))
(5625379, (1997, 1))
(5133603, (1992, 1))
(4454051, (1984, 1))
(5038283, (1991, 1))
(3872547, (1975, 1))
(3219163, (1965, 1))
(3784643, (1974, 1))
(5296131, (1994, 1))
(3203139, (1965, 1))
(5078755, (1992, 1))
(4275379, (1981, 1))
(5129067, (1992, 1))
(4886251, (1989, 1))
(3495835, (1970, 1))
(3908987, (1975, 1))
(3507955, (1970, 1))
(3343691, (1967, 1))
(3849979, (1974, 1))
(4385243, (1983, 1))
(5035011, (1991, 1))
(4096571, (1978, 1))
(3884803, (1975, 1))
(3142787, (1964, 1))
(3574019, (1971, 1))
(4638931, (1987, 1))
(3386123, (1968, 1))
(4209435, (1980, 1))
(4103459, (1978, 1))
(4097867, (1978, 1))
(3403531, (1968, 1))
(5422499, (1995, 1))
(3480083, (1969, 1))
(3997459, (1976, 1))
(4156515, (1979, 1))
(3355899, (1967, 1))
(4044571, (1977, 1))
(3796443, (1974, 1))
(3112563, (1963, 1))
(3532579, (1970, 1))
(4136603, (1979, 1))
(3712699, (1973, 1))
(4524227, (1985, 1))
(3882779, (1975, 1))
(4467315, (1984, 1))
(3780963, (1973, 1))
(4293731, (1981, 1))
(3929907, (1975, 1))
(3580059, (1971, 1))
(5541731, (1996, 1))
(4024123, (1977, 1))
(3868595, (1975, 1))
(4755411, (1988, 1))
(3701243, (1972, 1))
(4058179, (1977, 1))
(4802371, (1989, 1))
(4390019, (1983, 1))
(5689555, (1997, 1))
(4741363, (1988, 1))
(4116179, (1978, 1))
(5164875, (1992, 1))
(3629979, (1971, 1))
(3190731, (1965, 1))
(3512819, (1970, 1))
(3860003, (1975, 1))
(5265235, (1993, 1))
(5329619, (1994, 1))
(4773211, (1988, 1))
(4474715, (1984, 1))
(5317003, (1994, 1))
(3763643, (1973, 1))
(4009011, (1977, 1))
(4203835, (1980, 1))
(3354947, (1967, 1))
(3778411, (1973, 1))
(3201507, (1965, 1))
(4589203, (1986, 1))
(4408979, (1983, 1))
(5053811, (1991, 1))
(3333875, (1967, 1))
(4857723, (1989, 1))
(3896931, (1975, 1))
(3878963, (1975, 1))
(3581827, (1971, 1))
(4810379, (1989, 1))
(5064419, (1991, 1))
(4768507, (1988, 1))
(4780427, (1988, 1))
(5097355, (1992, 1))
(4599723, (1986, 1))
(3846707, (1974, 1))
(3578971, (1971, 1))
(4471107, (1984, 1))
(4758635, (1988, 1))
(4580083, (1986, 1))
(3444419, (1969, 1))
(3876459, (1975, 1))
(4916083, (1990, 1))
(4718043, (1988, 1))
(3893155, (1975, 1))
(4395819, (1983, 1))
(3603795, (1971, 1))
(4695979, (1987, 1))
(4631435, (1986, 1))
(4664851, (1987, 1))
(3273251, (1966, 1))
(4839307, (1989, 1))
(3971059, (1976, 1))
(4763803, (1988, 1))
(3734395, (1973, 1))
(4006627, (1977, 1))
(4787467, (1988, 1))
(5306163, (1994, 1))
(4329403, (1982, 1))
(3288459, (1966, 1))
(4088803, (1978, 1))
(4767219, (1988, 1))
(5006667, (1991, 1))
(4292299, (1981, 1))
(4774715, (1988, 1))
(4675531, (1987, 1))
(4268499, (1981, 1))
(5563875, (1996, 1))
(5361675, (1994, 1))
(4584995, (1986, 1))
(4597411, (1986, 1))
(3363475, (1968, 1))
(4218171, (1980, 1))
(4403163, (1983, 1))
(5452795, (1995, 1))
(4152499, (1979, 1))
(3925203, (1975, 1))
(3395323, (1968, 1))
(4276547, (1981, 1))
(4194283, (1980, 1))
(4093851, (1978, 1))
(3997627, (1976, 1))
(3205603, (1965, 1))
(5619251, (1997, 1))
(3835891, (1974, 1))
(3717011, (1973, 1))
(5037747, (1991, 1))
(4875987, (1989, 1))
(4664035, (1987, 1))
(5023739, (1991, 1))
