1 4 7 10 15 16 19 24 25 28 31 35 61 112 115 127
1 4 7 10 15 16 19 24 25 28 31 35 61 112 115 127
1 4 7 10 15 16 19 24 25 28 31 35 61 112 115 127
1 4 7 10 15 16 19 24 25 28 31 35 61 112 115 127
1 4 7 10 15 16 19 24 25 28 31 35 61 112 115 127
1 4 7 10 15 16 19 24 25 28 31 35 61 112 115 127
1 4 7 10 15 16 19 24 25 28 31 35 61 112 115 127
1 4 7 10 15 16 19 24 25 28 31 35 61 112 115 127
1 4 7 10 15 16 19 24 25 28 31 35 61 112 115 127
1 4 7 10 15 16 19 24 25 28 31 35 61 112 115 127
1 4 7 10 15 16 19 24 25 28 31 35 61 112 115 127
1 4 7 10 15 16 19 24 25 28 31 35 61 112 115 127
1 4 7 10 15 16 19 24 25 28 31 35 61 112 115 127
1 4 7 10 15 16 19 24 25 28 31 35 61 112 115 127
1 4 7 10 15 16 19 24 25 28 31 35 61 112 115 127
1 4 7 10 15 16 19 24 25 28 31 35 61 112 115 127
1 4 7 10 15 16 19 24 25 28 31 35 61 112 115 127
1 4 7 10 15 16 19 24 25 28 31 35 61 112 115 127
1 4 7 10 15 16 19 24 25 28 31 35 61 112 115 127
1 4 7 10 15 16 19 24 25 28 31 35 61 112 115 127
1 4 7 10 15 16 19 24 25 28 31 35 61 112 115 127
1 4 7 10 15 16 19 24 25 28 31 35 61 112 115 127
1 4 7 10 15 16 19 24 25 28 31 35 61 112 115 127
1 4 7 10 15 16 19 24 25 28 31 35 61 112 115 127
1 4 7 10 15 16 19 24 25 28 31 35 61 112 115 127
1 4 7 10 15 16 19 24 25 28 31 35 61 112 115 127
1 4 7 10 15 16 19 24 25 28 31 35 61 112 115 127
1 4 7 10 15 16 19 24 25 28 31 35 61 112 115 127
1 4 7 10 15 16 19 24 25 28 31 35 61 112 115 127
1 4 7 10 15 16 19 24 27 28 31 35 61 112 115 127
1 4 7 10 15 16 19 24 26 28 31 35 61 112 115 127
1 4 7 10 15 16 19 24 25 28 31 35 61 112 115 127
1 4 7 10 15 16 19 24 25 28 31 35 61 112 115 127
1 4 7 10 15 16 19 24 25 28 31 35 61 112 115 127
1 4 7 10 15 16 19 24 27 28 31 35 61 112 115 127
1 4 7 10 15 16 19 24 26 28 31 35 61 112 115 127
1 4 7 10 15 16 19 24 25 28 31 35 61 112 115 127
1 4 7 10 15 16 19 24 25 28 31 35 61 112 115 127
1 4 7 10 15 16 19 24 25 28 31 35 61 112 115 127
1 4 7 10 15 16 19 24 25 28 31 35 61 112 115 127
1 4 7 10 15 16 19 24 25 28 31 35 61 112 115 127
1 4 7 10 15 16 19 24 25 28 31 35 61 112 115 127
1 4 7 10 15 16 19 24 25 28 31 35 61 112 115 127
1 4 7 10 15 16 19 24 25 28 31 35 61 112 115 127
1 4 7 10 15 16 19 24 25 28 31 35 61 112 115 127
1 4 7 10 15 16 19 24 25 28 31 35 61 112 115 127
1 4 7 10 15 16 19 24 25 28 31 35 61 112 115 127
1 4 7 10 15 16 19 24 27 28 31 35 61 112 115 127
1 4 7 10 15 16 19 24 26 28 31 35 61 112 115 127
1 4 7 10 15 16 19 24 25 28 31 35 61 112 115 127
1 4 7 10 15 16 19 24 25 28 31 35 61 112 115 127
1 4 7 10 15 16 20 24 25 28 31 35 61 112 115 127
1 4 7 10 15 16 20 24 25 28 31 35 61 112 115 127
1 4 7 10 15 16 20 24 25 28 31 35 61 112 115 127
1 4 7 10 15 16 20 24 25 28 31 35 61 112 115 127
1 4 7 10 15 16 20 24 25 28 31 35 61 112 115 127
1 4 7 10 15 16 20 24 25 28 31 35 61 112 115 127
1 4 7 10 15 16 20 24 27 28 31 35 61 112 115 127
1 4 7 10 15 16 20 24 26 28 31 35 61 112 115 127
1 4 7 10 15 16 20 24 25 28 31 35 61 112 115 127
1 4 7 10 15 16 20 24 25 28 31 35 61 112 115 127
1 4 7 10 15 16 20 24 25 28 31 35 61 112 115 127
1 4 7 10 15 16 20 24 25 28 31 35 61 112 115 127
1 4 7 10 15 16 20 24 25 28 31 35 61 112 115 127
1 4 7 10 15 16 20 24 25 28 31 35 61 112 115 127
1 4 7 10 15 16 20 24 25 28 31 35 61 112 115 127
1 4 7 10 15 16 20 24 25 28 31 35 61 112 115 127
1 4 7 10 15 16 20 24 25 28 31 35 61 112 115 127
1 4 7 10 15 16 20 24 25 28 31 35 61 112 115 127
1 4 7 10 15 16 20 24 25 28 31 35 61 112 115 127
1 4 7 10 15 16 20 24 25 28 31 35 61 112 115 127
1 4 7 10 15 16 20 24 25 28 31 35 61 112 115 127
1 4 7 10 15 16 20 24 25 28 31 35 61 112 115 127
1 4 7 10 15 16 20 24 25 28 31 35 61 112 115 127
1 4 7 10 15 16 20 24 25 28 31 35 61 112 115 127
1 4 7 10 15 16 20 24 25 28 31 35 61 112 115 127
1 4 7 10 15 16 20 24 25 28 31 35 61 112 115 127
1 4 7 10 15 16 20 24 25 28 31 35 61 112 115 127